9 10
3.010234571206208 0.5786803866616452 -0.5941377022494123 2.598483241005237 -9.74252789338796 -7.332246318742095 3.5547095332777783 -6.754060451777779 -9.370279054278967 4.022676382362667
8.558709995552068 -6.698180969650796 7.6726261644474185 -8.651674354489753 -0.6479152984675274 0.2649115032151741 -2.1295060108819612 -8.588614456151342 1.6228217211005784 6.306061381215098
4.982679040247735 -7.885330972645739 4.451446255719931 5.152621589670618 -3.3093172589579334 6.872991520732587 -2.7403560646233576 3.58229022762629 6.731658254662971 8.483849157595543
8.20132617989687 -7.861500143209157 8.860346144277845 -2.3923168340430045 5.590731133145745 7.924358691615154 0.05121135291124013 -9.840142015723456 -8.852065107168933 0.5563443067513791
-4.449682898967094 5.142820824151894 2.7533736061202614 8.896821312208164 -3.0973628040477035 7.946502001888721 -7.820841208260266 3.880988632484904 -9.093467829556772 -0.6727631148024429
-8.880805464684878 -2.4087251691331986 -8.26390274755951 8.153675412613111 6.89025830587585 -1.4208542021622534 -9.26467524994257 -4.4242637501997635 -0.6741933842022476 -3.9648315655408295
0.3279523531295663 -3.9211022628461407 -6.849687039430381 -5.45113907368475 -8.332674924067039 -7.769443517340699 2.285823876313815 -6.292603256898131 -9.563281524654636 5.69363590811726
-1.269421361179532 -5.410648927546471 5.760381789579922 2.9213235645145303 6.191787005086958 -4.4582284581380645 6.330279522720307 6.219930636302156 -5.708951237181168 -3.128463221864064
-3.780268441997774 -9.531723228122138 -4.453516503948056 -0.8308929381918304 3.7585265916435766 7.905263441826719 -8.13307686403499 7.494266227057203 -3.9522135765940014 -9.066644449275529
10 7
-6.6759345587986445 -1.2801613192311994 1.5070494858434085 9.460857626537056 -1.8176319693302432 -0.4005616107359309 5.713777130107998
8.059900795512643 4.989589790147813 2.014826220128782 -9.721628711657077 7.991275675834714 -9.672038278221802 3.6791496464063744
6.933576922686392 6.348343767232379 -3.9256248317438036 3.8614925579205934 -6.510282401905703 -1.2244404625395529 -9.555707251370226
-2.9123774681525987 9.956683452261075 4.168998320094877 4.33674583206497 6.998271879889149 4.258206194026126 0.5191666562239501
0.4747076009313833 0.007872358320469175 4.214915894226818 -1.0165323740813914 7.74864518272399 -7.5222992796579184 -4.5145363085715
-3.3795783740295304 5.223147264079881 1.3481799762863886 5.730892705416174 7.605401486160893 8.426867984385499 5.386577619584896
-2.716153133765573 0.554177970929528 -3.313679314183277 -1.9859033411302178 5.4543095697592054 -6.360976506842764 -7.518215225410576
7.516117377402821 -4.844447465243979 -9.317673637536544 -4.45337863622145 -8.827765113935284 1.1872214532902081 -2.827317210134856
9.70726772871896 7.1173908918690465 -5.815843060228383 8.435199219916171 -0.1626425687205284 -8.575974248901252 -8.321614382319034
-3.672669232156416 3.5902941304170533 -7.877863951765171 2.5994302753616676 -2.6615405801627556 0.38666584678330906 6.932779246458555
7 5
3.087548424051878 9.219574861932177 -3.0770619491732205 -1.5133889303524661 -1.3624424777609718
3.2258056681214615 -3.4421948357902394 9.630756247238594 1.325597203250231 -1.3569442181961566
-6.380992891214348 8.642945543924341 -4.1954350681555415 -2.4493066407532265 0.11661939337150073
5.730655746964981 -9.588288206166034 -9.004717951048786 -9.942667255016616 -6.428174860071094
0.4914932262281617 -5.671132214116672 9.676983489358413 -8.28332314475109 7.708479838548822
5.221237606651812 -5.375445503145054 -8.835618569420543 -6.379219713066071 -0.8177365044505507
-9.880599487347883 -4.454229548561668 -2.7524386294032377 -2.912433258738094 -7.69317290848236
5 1
5.642276558162134
5.420588416227234
-4.0958107231673075
-9.873964736385009
6.452562831964638
9 1
6.132263440404888
-8.960521347335906
-1.793947198026661
7.352956955645741
8.521826744988605
1.43705215517776
8.728086646983098
-2.3919703380046053
-5.253063420585602
9 1
-7.042901126608967
0.49572645064128906
7.769553161814876
-0.6295927500640257
-6.725739679061435
-5.043953569766102
2.3131263188748115
-8.515747772292716
3.9610658215333228
9 9
-6.071556635140414 -9.271500821541107 3.853105227284214 -2.7748942450700875 7.030052593541814 9.684064655912909 9.867745688212729 -4.346449721638086 6.194445475806258
8.543855134500255 1.0644238708815124 9.628175701131813 -1.558812876834299 1.1429372815564438 9.952373665087318 3.233361700402874 -3.437122824166261 7.298261339387647
6.963384392502558 -4.976706249143639 9.51084263503705 -4.737722872666243 -9.167614042078934 3.3837739553866424 -9.75537282086651 3.4115960693779 -1.8974087512450861
5.28927174935726 7.906031879472746 -1.1937107299355993 0.6741067529773375 4.677753635669994 7.311164688572866 6.701064841577672 5.326063755212525 0.8787178621319764
-0.31073577082858783 -8.1472786247011 7.7708392131796735 1.6096369325287352 -9.744685275990644 1.3694871202412031 -2.4849979592851597 -6.641340822355264 3.4597200004128847
2.212435317335613 -9.778322923849759 0.9746961144740123 7.378804174209435 -8.317443162785207 -9.677470077358679 -6.682462700858103 -2.751231730085335 7.961327241852388
4.959419416231087 6.862454732457888 1.1817817278390095 -8.36385776922014 9.501798772595539 9.071720557289055 -6.194026996746997 -4.699736807936096 -1.451117337316088
-1.3157706060603687 0.9990557496590551 5.301878484500783 -2.9805508530886993 -0.8283744333064895 -1.7804601184974818 6.106322269523506 4.837446119054361 -4.1452993115555925
-6.621867829333999 0.5517216380813288 -0.8742138439651725 3.939163060387349 -3.0044996258870205 3.6622936600676077 -2.36354894310971 7.238598791216674 -3.282728498267897
9 1
9.956125920326308
9.802607293591684
1.6622568839455134
4.7546309907375
9.700810388592558
8.580984759126807
0.5419256617806472
-8.881386804818039
0.8026066529607316
9 1
1.7472156705459199
-1.6739502740892416
-0.09592062735770135
0.21785507309583885
-2.9220431715057638
-8.964851007990571
8.738269373565792
-4.589338088417123
7.070222711572434
9 1
-2.3024774362997817
5.45122859017386
-3.2363379854605974
2.641669059980396
-8.616787596997014
7.047505241839946
-6.8719684873741205
1.3335450929495671
-1.9231052962883162
9 1
0.42901637973438866
5.623225232607789
-2.7432827574074707
-3.950110040147372
5.451772933137262
-4.1545162081807625
7.061923889874745
-7.939041089328698
7.29872730916518
