3 2
-3.0626345305653446 -0.8692848039070729
1.2463547977204126 4.1174383196337505
-5.620134923522526 -2.1464127483169566
3 2
-0.09655770796746843 9.118330360043952
1.2971236557042616 -0.7002348377864624
-6.244984037884058 1.2731957979562267
3 2
-7.424582453287956 -1.8724989207129283
9.170512803973775 -0.20790719012753023
8.527790164385006 -2.750113581325704
3 2
-0.20703795043067075 0.3042637899185827
8.208079212829208 0.382256448947631
-1.6239695322748418 -1.1411497745344885
3 2
-4.966393234549411 -4.759317517231107
7.8886843756231215 0.5358914037572386
8.837123471090248 8.099852961743704
3 2
6.858374397539826 6.157873342406372
6.298034771950306 -7.792541146815628
9.268617443312294 9.963040062969043
2 2
-1.8838743818789467 8.079719490961384
-0.5342498586459214 -8.361908691203666
3 2
-1.0870587928577269 6.300325326331912
8.40188976312487 3.214253871649074
-1.3699513578100468 4.292821116061461
3 2
7.022805367849383 1.8164784543288786
1.846797842339786 -2.7969235817362126
-2.286001074989567 -1.130533656128252
2 8
9.744708527264013 9.029441682831983 1.7076328287129279 5.420782915762421 -0.4823576662830824 2.255735449741067 -8.805217622584529 -6.367946523030281
1.2729317106125109 -4.95638265041168 -0.9376508247963891 -5.662096274589336 7.846832249954659 5.968775161902876 3.3173573116010644 -3.9238024876665545
8 2
-3.178817992842415 -5.0733293243306115
-0.5675541416726215 -7.750882399404659
-9.90399893588135 8.442282207888404
-9.838317113312698 -1.175539588244865
-3.2143793280732513 -3.693475221746807
-0.5416501474389008 -1.294452383266174
6.275588889164624 -0.5229891634658088
7.877155595055633 5.8763133655294215
