6 6
5.220065027673439 -9.304168073649295 -5.657247547996267 5.7268710842710355 7.850744407002598 2.7599360827012553
6.958677276806185 -3.947640229588645 5.3733744978639315 2.3764300414077653 1.327959749699959 -3.7787693363763397
6.97813258291983 3.8075951358854088 -8.746461455673334 -6.30303335668504 -8.431803180058816 -9.985978388728203
7.490635234774796 4.095960643141623 -3.884103795505558 -7.170375513332459 7.772126198868136 9.958576336102269
-4.827577011645401 7.073249161471136 6.231051169418393 -5.702958418345984 0.39773490208470363 -8.953503095662
-0.8796426058442197 9.177600622689535 9.343626127194575 -5.030892188335548 -1.2160925515437526 9.106568118444713
6 6
3.9086417205374424 5.294614424138828 5.822078164500988 1.2409266197616038 2.4502249274420063 4.605765897965453
-6.297237881740958 -1.0751534295370746 -9.9951481218895 -1.379681839356337 3.208880996902632 1.4039307908964727
-0.10347677870596073 2.4010204861208564 -8.97375488229188 1.3940192827479443 6.017206734353156 4.478159614506389
0.7004005968185467 -8.272633307117323 6.999920564080277 -6.048963460352459 7.54912298393149 -3.244217821601419
5.635500001549694 5.38016862488465 -0.9999365723860603 -7.7013305187354675 -4.280101714151455 9.577811153279061
2.375438808024109 -2.174829305627437 -1.8334394995011056 5.730793720431453 -9.216524052992433 -1.7824070160875145
6 7
4.080929213562044 7.789562784429716 -5.601266095811002 4.953991823243534 -4.02824870378419 8.988223436468541 3.112509678988424
4.12136467129101 6.899661570383746 5.637221841806699 -9.937632293861853 -2.0548319787732066 -6.285579172778859 0.7062831498468682
3.193630431978418 -9.627830303724455 0.2553895366535812 -1.955679665797554 -4.392077795837313 5.076013249319907 -8.383426928758695
3.0858095174341376 -8.40101532778622 -2.8716908777362438 -4.303687069895359 -3.2963682347930963 2.67524817651341 7.532261273143746
-3.665327049661025 5.620448921711347 2.352003633712009 -5.222619791130914 -8.847742696896495 9.929560389780214 1.2132768984765931
-0.3541363421905004 -3.9814011085896706 8.740890693423637 2.613112097141464 -0.5067842898505361 -5.795775762347539 -9.08024694953895
7 6
3.601246223877954 1.148969062496441 -6.314194624210798 -3.726995914193152 0.553011661305689 6.919084191223426
2.836240595375232 -4.314818086220611 3.1897056288886887 5.7940225428034005 -5.657517642873793 -9.2243170499425
3.7693280551609796 -6.9177729445689184 -3.4771717716417623 -8.909866172746208 7.410004402518851 0.7187197221389052
5.081619557190557 -8.917274675488844 -0.24455912960306136 -3.118950560590732 -1.7231841624254347 5.494876835268434
-4.2320696330574155 -7.991728092638304 -5.638105019885735 -4.425438910332884 0.07080010387222835 9.857023516409779
-1.4270719945474362 5.656123617776332 -7.645091299339706 7.491079628240911 5.5437271887115465 -1.1403238892733327
-5.534269128901197 -8.766956373358102 5.976860946481528 -4.744680556536432 3.5877575301573366 -6.142241455147279
6 2
-6.4709676873545385 3.9114746175947595
5.913702209594881 5.592481307246114
8.988502572655644 -8.973629665958445
-4.270458310547697 9.014622726960894
8.146243439560866 -9.426412741441268
2.0898212934596234 -8.228035189860154
2 2
-9.347531767099149 2.726249063884289
6.98648968562058 9.402265864674341
2 6
-3.046474387265789 5.503010618819172 1.0017225612975356 0.3999079696456409 5.03717210150308 -3.121413584678338
7.396749373973435 9.266415338317625 4.50479359214942 4.342013054239926 -1.086925681356707 -3.373459478778278
6 6
-7.550278133579162 1.2383295226831574 8.769695305192847 -2.5474909858563173 -2.095258226416914 9.876304665863724
-3.947752296838434 7.719254137882224 1.036064408387091 -5.611765953400996 9.479990951594548 -5.045428816649569
7.905246922560245 -6.637370301734276 -9.59637046445877 3.8053474454171266 -6.244546717684405 9.113792917435276
-4.306055857742601 -6.952379555040742 -1.207555694231285 -4.385341986910918 1.6981462962235288 -2.3221099480377845
6.631472248256163 3.4185445275944453 -0.29535599799264567 9.631667901953179 -6.366744983569729 -2.4463309442694525
-7.879672193209086 8.838294856197592 3.636512564656929 -3.0541163950448835 -4.607213169105442 -4.956332005819604
6 9
-0.487315556135524 0.044966929663218025 -7.361019880432124 0.35898716173545075 -5.863374468078526 -1.774439542992365 -1.2334105976860403 7.449125301241029 3.678128651495605
-7.050036750903779 -6.535151232621441 8.666851749525787 -3.140598761875804 9.250665469262639 -3.521020447629657 5.577162973128205 -8.643546886078799 5.078078422805657
1.4286611162902005 -4.488661127080425 6.789966347830521 -1.3338583693296702 -8.683748176884391 -3.762047077434141 -4.547221993301203 5.8157159573397585 -9.526184004004886
7.689669986195987 0.25884268324192305 -7.335290077872316 8.534739908784704 5.9899457394482525 -3.0563628703451844 -8.363431751933314 -2.0444520795752696 3.049273787005248
-1.629293103547056 5.284613715034007 -7.008372235921874 1.2805054728701908 4.212829889732344 -8.070226711592968 8.710878816605515 9.078226453110368 1.391912505456098
-1.3272497256039895 6.014736743564054 7.6134965127544625 -2.618163587934692 -3.644184644155686 6.406247002847319 -1.2166636652486318 -0.8135419146507452 2.521486429910439
9 5
1.4010329911188215 5.584573148911687 6.196141781993894 4.223650303019724 -0.5232121920882591
8.514644124555744 7.904843460936657 -5.53106909224546 5.793812968154434 9.10610533871407
4.788526309669084 -4.434923026039009 5.2761972702552775 2.417190080979836 -6.88963593353016
4.120683388276875 0.16221478505292808 1.2446426684288312 -8.914215263820255 3.00806781757103
0.137154983046754 3.510081830196718 -0.5144757668491593 8.196820703436476 -4.801547834149645
-6.950141626034137 -9.337468000826538 -5.1961888014947455 5.904114427554125 5.520598515573589
-1.2256232988099 1.706012476679506 1.0584679845246097 -1.6567627527974143 -8.250142071009714
-7.405852571763187 -4.1957292180928025 -8.13843944185765 7.636348436822711 -8.915028430116507
4.474921761494283 5.302716182633402 8.083619250469951 2.538768701535899 5.686794366772752
5 6
3.6694661023844475 -5.387135092620654 -0.010056526340548544 6.643687532750501 -6.730897328804833 -4.615623322475802
5.112999100318088 2.698667748199121 -7.675196065171641 8.830047741702863 -2.2269354973134448 8.782362112203892
3.320565557386775 4.454461798081796 3.6325743144557023 -5.714966914013289 5.2031698164601785 1.9610747367908488
1.1063701943609043 -7.7603877447082255 7.0571003367751715 -4.197627046254569 -7.627149336324335 -6.1872549049858705
5.052149601992671 3.2607808689889026 -1.3914473824911138 -6.199611994529988 0.8957918517960461 -7.294207686407548
