8 12
0.29636251020767723 9.111605578867781 -4.870625977804204 0.8444837076997551 6.790683886722462 8.419625494626281 4.900051581985238 -0.025193180083606492 -8.174078455033264 5.175302794792412 -1.329818108376033 -1.6401078850093
-3.7196697057518318 -8.094571085746402 7.759337879939295 -2.296608996415703 -3.7845336295708165 6.529771178480168 -8.756551796323924 -3.9002088974715132 -1.626296862288772 -0.5815219585455367 -9.536596227613327 9.256903289538986
-8.717328975646746 -5.411417336413644 -8.644804250873676 -4.420975814159018 -5.163808477341815 -5.078912636709269 -4.241640463050864 8.841992154805954 -2.1123388166363144 -3.790563065563326 -8.74219905351885 4.9399131657844375
-4.997806067124408 3.342331406633882 -5.843975940717659 -0.8965148577794739 9.921187405548807 -5.570240923656613 2.379010364604019 -9.92735702792874 -3.9911765549681526 4.686703189268332 5.60781838359372 4.751499515486735
-5.366846967498011 -0.7639826946852963 -4.3869019056865906 7.66577536964434 4.464390444842037 -7.66252059234086 -0.7972114668810892 5.7157702107503905 -5.587305614154079 8.964302608819796 0.8935172524090476 0.601926681367182
5.394588915017023 -5.11818226271566 1.586991979271648 -5.625827186761027 -3.2352575680875866 -2.7079103514135845 -3.523359231752041 -0.8440307009939332 5.303386278363433 -1.3465061764235173 -1.8250772283121286 -4.737471219132048
7.093114781858393 7.923169267037206 6.111914910348389 2.8963292180777813 8.614495854007174 -9.91285127125369 -0.2091177604064125 -7.745510866641936 1.751402528957417 -3.5402973567904557 -0.02031940271193733 2.469724792214837
9.293994640094358 5.866441670987612 2.3511694368661917 0.7549956617409297 -9.334000801265299 5.879268315122335 -4.480505723505608 5.004481909853682 -1.119070726064841 -5.624478713831915 2.34534644386385 -3.9095731941056293
8 12
-4.546589318851353 1.583004882183186 -9.42352363530727 -9.543105966347847 6.642407405797574 -4.873294143839235 -0.6285592173615981 -8.493064323302047 2.8134543999566475 1.902167050026227 -4.77153785428677 -1.8541485197307281
-5.926379832112019 -1.8940603656008612 -4.504179468165028 7.01381352250479 1.4096502825494994 7.89944267470365 -2.4614666942039287 5.813709579756555 7.482069736073587 -5.530277941377961 4.15743000566367 9.980086423891592
-6.955524390225413 -5.668414546989031 7.631661216376969 3.2055891391584286 -9.187129918411364 7.037238371773526 -9.563589986457213 8.130731503845862 -2.843280084847988 -1.3272001527564434 9.978869451882598 4.216947094036392
7.4651398141083725 -6.742049319607184 9.419296983079477 -2.093621369617253 9.30873117101709 -5.658430632240976 -3.3394035595487592 4.350129873307713 -1.53661129134235 -7.674359804904252 4.059029858416995 2.6579943143938944
5.234421763241819 8.994079647273548 -9.722745141500273 -9.839079798090859 6.503363439719433 8.022793858877858 -5.190640440559255 1.7491196932450652 8.158178396279187 -7.279999270805662 6.429176171212315 0.005467600316006127
-0.06207500590090298 7.61484336928098 5.272534544079379 6.18039370716286 2.4262753798720773 -5.502065215496521 -6.162878358062014 -4.8901523886022495 5.657337322488525 2.961654316737647 0.27073456280617414 -1.4806754097829344
-7.930529653011764 3.3030593594118347 -7.029691636307225 -8.387890104589653 -2.8339765260223455 -5.203738339248543 5.785454641353368 -8.585597105668374 8.146695276060782 -5.234690450101889 -9.786419358871738 -8.882917712500795
1.8257564497398846 -2.7207823575322205 -1.3075576671638895 -5.391602219413619 3.628450317414849 6.654819327903482 4.6682149432219155 9.269065066495717 3.940831759540833 -2.8591456873774135 -0.08257162842112642 -6.814713514188611
8 7
-8.811950156516673 2.6714798605184633 -4.531612400889875 -3.631957216096529 0.38782482508872995 -4.349093595183813 1.4578352387481672
5.314876852427645 -1.3782721636465247 2.8846574063822636 -3.422416982441396 -9.815294695547278 -1.5387549088882384 -4.867883405644742
-0.2605277289908621 4.418511652892379 -0.21057148274326565 -8.059756022597952 6.151209997930444 -4.6675545113086 -3.5082489195014617
5.563326684366221 5.758150677259735 -3.6084236562845735 -7.40475852058021 4.7988094996248325 9.517889514992369 -5.188974565024402
-6.362580179845228 -4.740060149512879 -6.436779421841894 0.5900377984921885 -9.206609179076128 -0.12442270595462368 -0.6063507248332805
-2.178417104876427 7.596699499594447 8.72631919527937 -1.570730208982793 2.7722786361072203 6.913620269390396 -2.30087357535135
-1.6154492961692846 0.09852839449654383 4.680873072005278 5.8287949030080775 7.119310149609145 -1.0733756574475013 -8.095711266799164
2.9875819335931695 -9.351912280813671 -1.4313526001935593 1.1173159263975094 -7.637492642307276 -2.342797225091897 3.529004661888388
7 12
-0.4731375651196963 9.023999012582703 5.914467869859612 -4.055812433396293 3.611323827111349 -6.610529929832303 6.209239640975465 -8.873929000075933 -7.224182998325562 6.146754154833879 -5.835082919005529 5.974229233750046
1.5177539760235241 -2.9357869451243923 -9.462442774623227 -4.660797274753865 -4.512408469020055 -3.0523477785833393 -6.225302541593988 -9.927596601503502 2.2777047672192055 -0.16500068533678203 1.5267201059095097 -3.8921433027966224
1.3528808043361487 -9.875848660559887 7.909367578554519 0.5823770811708311 5.800650855212602 5.425687076432572 -7.853717059440497 -1.577330579620547 0.3811024738308575 2.0338491790940534 0.0223238236679002 3.2181888637755645
8.511325943939159 4.979627542488531 -6.138795070265783 -5.477142473979115 2.4254566255725862 -5.156493245398894 -6.1080588201883135 1.2904279694573955 -0.20151540272258295 -9.34978341729124 -1.3046156732586098 1.423243376059272
7.243105828964001 -3.617521554594534 -8.640804825390454 3.702891796477484 -0.668627754152153 -4.052229691480694 -0.1072108169178847 6.701160684678904 9.771180780839579 8.45537653492524 -3.1606039039662743 -6.467120994777207
-1.1710639673526213 5.250092272304256 0.24180323827970263 1.6506518330106346 3.660750297931054 -8.453528833167143 9.754773587146556 -0.6324980616480431 -1.022886412749104 3.6184806506286904 0.42122627382821065 3.9700129277354677
7.910548733534625 -8.343925696489343 -6.959129294281611 -4.245962545697584 4.171528627629366 5.853682567233072 -2.8619174882290572 -9.83918118423304 -5.352409482947973 -7.688136935847789 7.164323678414711 -7.572029119964179
8 12
4.83480174960156 -6.498850482041545 7.174674087752187 -3.490632787243035 1.059761788910663 2.2583673909245263 8.568713228841979 -1.5593325238121416 -0.23266106410641996 9.611390375986907 6.341245835843136 2.648675475607263
-5.321247354741303 4.165398410160767 -1.1877920804478173 -6.250403051749949 3.1762803700936004 5.24359430343136 -3.5386551833449698 -7.505892626414421 8.181119393521314 -8.701041725228114 -0.31849517868092647 -2.643107821074233
0.5040221348362266 -6.242946040435866 -9.506283378252089 -6.689299733026736 3.5122069729775873 7.566927383705806 -5.385048461651449 9.146615142119991 -2.5057743321850223 -8.5293599384039 -8.061697155838521 -1.856599892827834
6.012333731457385 -1.8671715537004943 4.474220071134772 9.571922559389254 -8.524817182566895 -9.607758561857365 -6.3708629505608405 -4.700089059381329 -5.59590179585713 -6.697171295263306 4.029832469974497 -2.1152164420767576
-5.618642631123301 8.18447862141445 8.67055366030652 -3.4421605107953823 -3.0272099226248406 -1.527006708799906 -6.517613633597197 -4.909256779953825 1.9908795724175317 6.067908985649883 -0.25094072980111193 -4.288212434005674
-3.8421417503068156 -6.90381210847085 4.200822963383564 -4.312947278768724 -5.212218206073294 8.910259304909193 -8.221075914133069 -8.080481729926763 -0.36516752947740727 -8.662436211487975 5.147965805246352 -7.012601928641644
0.9161177165357373 -0.6932672092783498 4.198571401419628 -3.989607711878156 9.313153475330267 -5.610737396240408 0.0862816448865864 0.39484733098512237 0.9891545400490287 -6.837435094927374 2.800586945116807 -0.3553870679770661
-5.443870666135613 8.330229473544726 2.9165942051925438 -3.8606096059544885 -7.553814253125646 6.846346277662626 -4.511767816197012 9.323148588019173 -0.17803374160068053 -5.735132839986495 -9.77382336094516 6.595611941312459
8 20
6.3975898689450155 9.775326839855396 -3.578889129854601 1.357778602922446 -1.6843281084666621 1.8968578106345824 3.9069877096048913 3.1880272808969057 5.3134128244775525 -3.7109780106848174 -9.683782516709744 6.521636648252677 0.5602200630401128 -2.7143149420585004 -9.241345680445974 3.299278937297812 -1.7815071946520575 -3.0739131434563483 8.76912804365313 -6.944143490295129
2.317540548637165 5.444435295198556 -7.920100940854082 4.490367490107099 -1.833273409891735 -6.119803261551349 -2.8843887333678397 -3.6004410649061613 8.951591548133191 9.734022234176447 2.4465691191388768 7.070560845850281 -9.715512431450929 -4.344955118511038 -7.121039835634764 -2.0185389495214086 9.373894271472778 8.058834757928853 2.120577930344009 0.06953162192801088
4.8927507022913 -9.353486098285714 8.26950504184261 -3.056754222956277 1.1590062362939086 -1.7944057095461652 6.898340588880526 4.592115537750349 -5.133350384633639 -9.579559468690917 9.355898490414802 1.3482171625376633 4.108437084857572 -7.0759965931693625 -5.52104008529259 8.041089668589667 -6.6146738475781515 -6.987771056075767 0.22487394336915223 0.9242541463111991
7.34228956528592 1.697072372736823 2.9013273714859054 6.762144171953885 1.9456654394781019 9.778964638603789 1.2245447625977395 9.234784706362632 5.733736187831491 -9.926671915219305 1.3409150130799965 -4.254113707435023 3.79486525672994 -0.9048313763267224 -9.82236490293799 -4.647425191890346 3.6428237733619273 9.159211924504454 -6.315454829034886 -2.532792718284851
-8.001951948834511 -8.75603894225286 8.320321055767124 8.814206839133046 -0.8054064205453493 -8.84688363273505 -2.237966236798952 -7.675543852931909 3.195053038777223 -0.63809022433521 -0.7696909006293335 9.32457898744368 -8.430670268721146 8.301355807741821 -6.10581163419355 -6.934489969740691 -3.688738627546173 0.2700320019644149 1.4136568927028215 6.885177687567413
4.879139268288018 -6.062390251569402 -2.85440085619485 6.3925239271209975 -3.8405168913297665 -5.544684359529741 -8.982582066146737 1.0244246801510908 9.629408675725692 -9.847327954508886 4.574495623480477 -2.0342041762987577 2.0915063604314774 -7.129709255226966 0.9038693275161087 5.538563060726052 -7.246886784464534 -9.447944800203782 3.0239464533288025 -5.030588677082055
8.14029350516088 5.834227097630825 -7.308991708544275 -3.4123466630496786 -2.348976739813118 2.6883836796814258 -3.9396917458839864 -5.203544251942787 -5.650119364179281 7.088538718954492 6.568888158176357 -2.160259015921091 2.7917351635266403 -8.702997993465559 -0.2091862033044567 -5.833723826801867 -4.641545750094949 3.9258263685121957 5.237228286330582 0.3559699696162504
-0.42548783839455595 6.130910244766014 -6.957468589428386 3.307454861540947 9.579649348784482 4.122854352067195 -7.520581219077849 8.23063056005839 -8.759826407619434 7.399596212394577 7.261139313648798 7.95727601135038 7.594519290898074 0.20097529250708845 -7.071320966780197 -1.831066987165606 -7.525804209272245 -9.708042819351304 9.109938617998964 -6.717899855550722
20 20
-6.579514732586269 -5.038607180881812 -8.08259383058357 -1.1684812395504185 0.0695300004483137 -4.2958532161549705 -7.893890714607732 9.767120338340767 3.5401328802158982 8.428305907044734 3.764637609160422 -1.4855268271925262 -3.80733934444425 -3.26012238253168 -0.4334343556378091 -9.603413429202668 7.255276980551521 1.7213548011554298 -3.722242653250662 -9.771442995814601
0.7028677384106565 -9.317058544843977 -5.2438066033020085 1.5379519821383738 1.9661916416996146 4.390532750082016 -1.9663595921717345 8.297958251759397 -4.30738909599226 -2.7593248391755214 7.859367471399281 5.014337417227026 -4.783789246825245 -8.878059178622653 0.250984313513511 -3.8141035841950295 -9.59796666427019 1.0862321626603162 9.390922481757684 -6.3275532030983594
9.927723787597252 8.17707258842606 1.3716958979389702 -8.975916732545762 -7.979394348864332 3.2895426333475886 -6.100152668597061 -8.151336450750255 9.089938423507864 -4.172177293232124 -0.49701526391005224 -6.107103784458041 0.20417664949513892 5.640746303987235 1.2085800435078546 4.24088329185574 -5.968073623304814 -6.183488071011571 -6.63662088158395 -7.056266762809429
-4.079805679240285 7.25289870520357 4.986289457117312 -3.245696596411804 1.985509942699327 0.44434479628343837 -4.794307645321789 7.836415420090187 -3.8545579708335804 -1.3170652114099095 -8.28431182154922 5.903771992950526 6.455502260771318 2.1580838524181107 -9.903036831630248 4.3641527625515515 -6.959213700891427 0.9395901595012024 -5.416260905591697 -0.9114378255425386
-7.081701068310952 6.311248494937548 -4.078313202251788 -9.892993733130176 -5.48550909099863 -5.775053914319816 0.32324576595817334 6.987364355152906 -9.468378874017315 5.071496766697251 6.004213849485854 2.2201623385903897 -3.716928975241176 0.5324895245049621 2.5693100544248555 8.179868471949792 -2.4778666102262337 3.107635767929809 -0.8686315038534929 2.004763832446578
-0.156772707473392 -4.7492251099970995 7.65813820120076 -8.131526818907794 4.3863828223245545 -1.1640897769993543 -9.072011954368996 0.21821439017637445 -6.970460020812137 8.085689314703682 -6.370850966437381 2.3549793978868276 -2.425542257460016 0.7537875638103486 0.9900704217107847 -1.7810389579995451 0.75124110913743 -2.6276645866446895 -8.40819460404732 5.810133799680745
0.2689946187382084 0.8420224520588455 7.396560496203325 -6.710594271340742 8.275174151075685 -7.405607953138809 -1.9674186376164826 -1.4348751625365779 -4.919294856284591 -8.14427462430979 9.630357312757777 -7.965001395319273 7.205526410507325 -0.2209126898887881 -9.159497314454022 -5.517169733332508 -3.7837280822343082 -7.376410421039868 -5.063920401993089 -7.7963252128975284
7.509758092227543 -4.25186577389137 5.804691779332284 7.775283697385408 4.175266522518939 0.9340449040941792 0.9650170131304066 -1.1933472892980639 3.3268195793489994 5.197696371278832 -4.541005279083752 3.7823105736407765 -3.4118925214726197 -8.714042341544573 -6.489443789664524 1.9453313008900412 -4.148371072749104 8.28639492709971 0.9378789390292859 -9.000490887273479
9.372899353571068 9.85803116898635 -9.331678624042624 4.850792510630772 0.6565230053682409 3.232518322680768 8.675859233062209 7.363666505050357 1.49751780610924 -9.514172015588613 1.5573033855060032 -2.5975769612060713 5.498647434828179 3.7042246285838836 -2.5762048578384906 2.731102811177994 -6.067066590072574 -5.008695887936896 6.415779048599742 -6.127850170045901
-2.4490169267263955 -8.96762079300325 -6.000228738450164 0.6381550209599745 -0.45228556718360124 -4.2995240897110225 2.8155978431400808 4.8854722711003955 -8.060201576422191 4.782419095043604 5.389784318579402 -4.536796647654824 -5.970898526050483 3.621390656684211 -6.975536872419772 -1.029004743421197 -4.896186325146356 3.8360621747556234 7.596482192693262 0.20803215332245628
-6.762798330301633 -7.5165955363340835 2.8969903896937037 8.861691073333052 -1.766389264625431 -3.0871610788406585 8.629709365846846 -2.262789106795635 -1.1195761549099377 2.104429032008655 -4.370123049173444 0.7765976057894086 -1.3818557248901016 -7.017659061592374 -7.4605087138078074 -6.6056587684556645 -8.70595258038615 9.980390927727463 4.871429595633659 7.686279759193205
-6.991515308092624 -3.8034647518633253 -5.993409221765322 -4.631232668782399 -3.0435091720235086 4.2607952377078675 -7.087985162050076 -7.167723592041524 6.751981288408469 -7.6090350640914455 7.032621000450952 1.243719410091824 9.769609710814265 9.213500712280293 -6.730995326887306 -9.750488835069842 7.351073390479861 -7.568858688772608 7.399637748240906 -4.308229064919368
-0.16528378142767508 -6.292498565734781 -1.173353591883867 -6.04077171840774 -4.783985381867433 9.617173103146314 -8.933627536606284 -4.819314412262143 7.773929591391859 -0.1827586789654223 -5.184220718946008 7.501547900767481 -2.1455881726018067 -8.489548328922233 1.185433845689115 -5.44791918735509 5.686427060565295 6.402253472606862 -9.484787296421505 -0.8100446361349221
-4.916796343013479 9.996264036292839 -7.241550300291415 -3.526099943905505 -0.5479648693428096 1.3550101503363408 6.570541015287461 -0.8509717422224696 -6.868834501970209 -6.956550121849199 -1.0651417501132059 1.7611205003382597 -6.125001574175788 9.632187899590118 4.506365673245758 -9.338095498125035 -2.2039003299152604 -6.495808670935135 -8.125243056464601 8.18822550720552
7.3572401053767535 8.979017184400654 -9.924136051227638 -0.809941285695361 2.2018313351763794 -0.1972374968782198 8.30454357161998 -8.830954599770138 1.3401134339218057 -2.2999943073646527 -0.8974788012372166 -8.091997788660743 -4.633637911005575 -3.852887818442974 9.484063862693983 -7.354950780863765 -4.769870536466179 -4.90192306546124 -2.19074084398883 -9.85848718635827
7.297479383877949 0.44653733850089417 -0.09495081206642375 1.7255830004063775 5.2856475272404495 5.029596549438168 -8.10949437265727 6.339839289202754 -7.946499465635428 -5.598367274470901 5.896857959670264 1.9537756191035918 9.343816992067495 -6.236681193946916 4.951991886015083 -6.922751553320696 -4.383270328420343 1.740753367565187 1.0218275230730782 0.6346065662126534
9.363495953939449 0.7506904620803745 6.7365738911609725 -6.891254682722048 0.4290754440530584 7.783032967776748 0.7220489670729151 8.475428668713356 -2.582241348728589 3.197289339109723 8.05760420829635 5.461743636865874 4.53617372538281 -9.178706980475193 4.192130958459234 9.463142436300686 -0.5799852645897925 -5.427049741794807 -5.011634883976628 -0.88632878689066
-4.890889148052587 1.0132787992700152 8.40212824272215 -6.031178262407055 -0.7103517468588709 1.3385868822743792 1.233976660991413 9.003674682902691 -5.348608694519726 -4.141270261565673 -1.6624747826745399 -6.17755010237577 -6.6019999191155705 8.285637708455173 8.284614986701694 -9.441669772919683 1.3558409893495025 -4.303790716523784 9.22435501233388 1.9329241986425814
6.225658305662975 -6.632509270767255 -3.4769407376975074 -4.0063978295117515 -7.778888160951352 -9.00955661282051 -5.860181759052329 0.5811144029102504 -0.7706588033508268 1.8930784281440438 4.68258560374176 -7.062890110057447 9.891848013909819 -4.995888044159469 -9.915079356715353 2.6298002125587256 9.617746046425808 2.5965278783355057 3.659964188395284 4.8547139812207725
3.4283575889444666 9.168313917677175 5.255009574888954 2.456601613068889 -6.964159861013178 -1.8740061693802836 9.503693033815427 -0.2503816364419009 -9.257617288815718 6.7628904482138985 3.284662011902345 -0.2862543723042954 -3.6151350920892567 -1.3449143579743037 -6.272491536686324 2.0080917211551697 7.856159745481229 -9.098296993466963 -6.174636905569633 9.931594797790968
20 10
-8.385148405026854 -7.238863158508058 -2.4943672140191353 -8.762753423524591 -5.860805736270802 8.022204675854088 -5.0735595090308605 8.674136987336784 7.508085750792848 7.679572383387875
-1.416204149515785 5.469711195351428 1.67376073469568 -2.5532244214470996 -6.334851619753934 -7.325445912078374 -2.426223083469525 0.9210565309253838 2.9284394438178385 -3.6608942271983214
-1.950942524440853 0.5305506009638563 -0.0849127937481633 2.9089017529020005 -9.242831688828915 -3.5568034263577486 -9.13130109473082 2.300287960274911 4.893659448187444 -0.03717455115399382
5.172316404818902 -7.606298438210919 -9.75747319652983 7.316579408964582 -5.223115676468457 4.322904131293459 -6.0526820724559744 1.076036256163917 -5.09526825254212 -4.029821784340728
8.716329447808302 -5.907433426362458 -3.5174917482482515 -1.5345096382117713 1.6365716025068089 -7.198799871591737 -0.3425069907156324 -2.7801081913749055 6.3789547666106685 8.957411793898405
6.0048177814387955 -6.216485389749195 9.869653128187469 -7.051981350907628 4.8657635516960696 -2.639435155726586 -8.210527308798042 -0.7936162323411704 8.30386443723517 7.916206994860847
8.56155813071183 -4.259687806063138 3.5462167122797865 -4.34572431799801 5.723671388338776 3.553406466534474 1.9826492276045578 8.250201372133905 6.789831916044275 -2.838890552033506
5.322811682161298 -6.12233533741763 -6.657516900534319 8.73108092058283 -0.9742916322193924 9.915805540746277 2.3064985226403945 -2.3200134205687784 -4.913177476686592 -4.564981570238913
-6.51206402990357 -7.458821373883195 -1.0714376840796511 -3.066440988147683 6.91987527491516 1.8403789814132505 8.296536252763783 4.8683057701149615 -7.295680009100119 -6.679935886153845
1.5887767150733811 3.0471338858282575 -0.07322333650922452 -1.409934139602182 6.276519301213128 3.7047723990748427 8.17318286296899 -2.7061033507516257 0.3499987058208447 -7.466557107460956
1.7910690593282332 4.314673132360818 -3.3974185359724363 -6.217801611914404 -6.534110612353512 -8.670770041399045 5.768709492865799 5.203377591722859 0.914076589281553 4.2059683979718265
-0.8800649568594121 -0.4477708370071536 5.591108260916835 2.770656833306454 2.8866593514415406 5.895157825354641 7.774437292033024 -2.2843326125920242 3.8425750190354986 2.277870217220869
-0.0540915859830946 -8.306499494448964 5.298363854055291 3.6526517965892253 5.810673688122749 5.9576229427979825 -5.696396352052686 5.732628564839272 -2.876863317105287 -5.721106590066951
7.834233442476933 3.3975815555901363 1.1299459242742707 -4.21690583951486 -0.9126998156822257 -7.721734516576206 -1.263980787627208 -9.042777864363236 9.413523716658108 -1.9797661003650404
-3.4777963293834047 -7.6038527050125175 5.6839090941864985 1.4425482442295117 0.6258530996273457 0.8707202602697546 -1.3850763380164537 1.6232240816871428 8.15400855527777 8.574946049305751
5.895676111158588 2.2778994107258796 -5.418424000295429 -6.261559759554212 4.110934890468204 9.751293849759726 4.060497458193446 7.729828729540486 -3.8186010657646907 0.30027502532810146
-9.530653663609314 6.863947638593999 0.612331376608692 -2.6409246380955365 9.459419363404614 -9.893227000006416 -3.3023967315055236 -6.062647061593829 -9.889027558790017 -6.51915761504619
-5.715267626608844 1.088864510009289 8.05511336966331 1.9168360876879849 7.12640272053115 -4.140032432321618 -4.991188567704752 9.515611315778617 0.6413029975579061 -5.396351750538946
5.744454655723828 1.2217721763843148 7.838487485255218 -3.198281569954493 -9.293703513387264 2.7858686459226583 1.7191814100261595 9.185912198023797 0.07066548851749666 -8.218647625853535
4.521494167057199 9.484543835697657 -4.373967640459409 -6.930849809811437 7.768304255374542 2.8829332838953388 2.805191344307296 3.010154531292553 4.535460800921072 -8.620535849222632
10 12
-7.527895051450524 1.6264068430776 -7.203424789093149 0.5533620648396678 8.747907777346931 8.219613198594363 -4.080088927980392 6.599227210399718 -7.909729503967613 -5.589552743307795 -2.2954133479859014 3.529096373124286
0.3862959852491237 -4.3391635166984655 0.664046380581901 -0.19562655936994489 -1.929204151901267 -2.4486137717618117 7.41163825829414 9.237926592475876 7.935891312925975 -9.864875735105038 -0.6144536715410851 1.4548241601267051
-7.635671230775949 1.2597443785620364 -2.1212798216516298 -1.2131294655556708 -3.7765784066174657 0.24323260033618688 -9.695116711306476 4.1185432002390705 0.41779702298666876 9.097038413277122 7.57988685328457 7.852108754219849
6.768765129637604 -3.183289515760892 -3.8454230871720156 0.2420489835088091 -4.319724465604507 -1.0270554814521642 0.04008348297320552 2.1277969228959392 -9.11883105120344 9.389916201319785 -1.3467059314889624 4.688028598278768
-3.1189056157389956 -0.03612200535506993 8.517523025709387 -0.5066477640932163 -0.728272512759613 4.983704309699625 -4.1362288021106774 -5.824575058878203 9.391127493868893 -0.26236965751020946 9.815274219752936 3.7854036871343695
1.522725459272964 -8.82648300890634 5.756241284830477 -9.249126101382233 -6.813934593642747 4.8577913053185675 5.5453958677821 5.90209175974563 1.130489228509619 0.24827597098937915 -8.925264102115866 -8.262025306053022
-6.148939894105854 3.9945715078416377 6.8311552925312675 -3.52868038717562 4.662836155592959 8.537327085341275 -8.517635978343446 1.485448458543173 0.11138355039054737 -3.7563748313590395 6.030819147070158 9.862056591387475
-0.1085915027585429 -0.8049949510065613 -3.004506657819624 -7.602779965666604 -1.53540055641 8.713042492388972 2.965424979944167 6.552394734333401 6.181147177431846 -2.1867153276064544 8.689588386134663 8.921081492510044
-1.9050767323004862 -7.309881068750941 -0.9820406629091423 -8.929645307108382 5.509517733159214 -5.280181144720841 5.22357095517963 -3.8814280336252143 -9.391554218457843 -7.042976198619497 -6.372953407977409 9.071938472515786
-5.316923832089353 -2.510933545780494 -7.103298172366436 -1.5813244180170578 2.7564139710309625 6.061374128988916 -3.5812734214161646 -8.545990714623786 -3.334769172554841 -2.5131624187314827 -9.231180100201202 8.594923699868943
8 12
-7.101185286329217 -9.159021302974864 7.709666886791489 -8.993410749635675 -6.721543807548986 -9.530136955634065 -7.121238485092352 -9.244924410569315 -6.30130245178716 -3.9151194216813323 -9.507063207141737 -2.037670519119965
3.9025586976631654 3.242373287529423 8.329336748640458 -4.199741128288417 -4.217363986112746 -5.580120363163495 1.1127234127553862 -4.334187231146571 -3.554000125636332 -9.923810772147494 5.909451170736226 0.12073911258848646
3.181290409503987 -9.814875206135898 2.0093437887790504 -5.834670837590686 -6.270914930373346 0.3854620535295119 -3.1721018498364444 4.63728753679796 2.0367478176581635 3.2898110748776848 -9.918632954323815 2.9494318243673554
2.7170047744965338 -4.607119666108326 4.5803781650904245 -8.643654947618426 -6.0398488051345645 9.956964919181111 7.359512179289634 -1.3371835307005462 -9.372499033401372 4.0623055146747316 -9.06871713215354 -5.053228099259424
9.847609069002605 -5.897135867962373 3.0935754488781626 -4.127427285895616 2.4984992878012324 -9.297410109862692 6.104866820107787 5.5910183727261025 2.219370026330738 -4.178882949235563 -8.704618578922624 -5.832757268835365
6.433079289483121 4.926425823312554 -1.3998175625817328 -3.8848245617469317 4.651316821004741 -6.818546807786474 -7.99257362983705 1.348850061000812 6.406651676392517 -0.33229498929107315 -7.601901957846124 -3.976591913959595
0.9513018999747516 -7.601059500391367 7.927642119516687 9.001704422282288 -2.0447682544137695 -0.5070883977977498 6.557439717583257 9.929514346256159 -4.650976556197515 -2.6514356410800666 -4.06521044119205 -1.306629491348426
-6.414257293059764 -0.9786441353306472 9.071090149653283 9.112674074941161 -8.37693757432046 1.2497249669124972 -1.9410805255745256 -8.989550472311798 -2.2629976195435075 6.510260713517141 -6.675716443352327 0.5391860992703172
8 12
-0.19882650971553062 9.601029804669231 -5.811591825671208 5.979872209838351 -2.984276574225637 3.9304967305555234 4.95494117899835 -4.972296574125363 8.102301720922 -6.446878371361242 3.092319334745305 0.5779644339831762
-8.730918804999881 6.412858452554644 1.5041799245579686 3.057456036145007 -3.1539717498871234 -6.015621839477054 -5.689831027776247 7.910807448152248 0.12301135446209877 -1.1551171896405954 -7.895916167840163 -6.230911999186814
4.954990770042588 1.535659691097857 -0.33838542085681667 -3.893620358871848 3.246435856260465 -1.2259412147209225 8.464478073119519 7.470254451336974 -7.333300006376405 7.35853906998247 0.4231638968429525 0.5195700557147802
2.588181113602648 -6.261690462370842 2.9743503327446383 -3.9945226317233047 4.920230630425703 -1.3388365165914529 0.3277011972800832 4.117222059774699 3.8241829526112436 -6.850927275575291 -5.251163510398992 -5.32674425682282
-7.821338712310877 -3.0746694297973782 -1.449133106078559 2.4162283142160597 -0.46244549306468485 -5.253050384792788 -1.8486877898780012 -3.782596345628651 6.844941644542104 5.951258161942254 -9.618051835220722 -0.29661776985968125
0.9983958094187706 2.0363528763518026 -5.951456648322109 -6.070886747566602 -5.411305245804508 -5.235017770686796 -1.8401393916457902 -7.82076932171935 1.6011399020017674 -3.4615124923534024 -2.182098235883889 -6.237941206014607
6.24165161264472 -5.6333153035151735 5.840731749883091 8.67244069484762 -7.700353536229645 -5.732669831928401 2.330622127978682 -7.0727119387349235 -5.899455344914058 4.6020418121654405 1.3736390028423067 4.882284578742489
-7.391049331598428 0.9850374255362819 -8.881485768322763 -1.3193637155826128 -9.035369928695102 5.807120373365297 -2.675170092961336 -4.829077589335327 8.771591627509856 2.4271739251784155 -5.521312191186896 8.625738927581025
8 12
6.316357774121876 6.523782706343663 -4.89788355275286 -3.6273129211439343 -7.966630240507547 -1.5037528148197072 -9.78912978811673 -0.03710187741155835 -5.354934037321193 -4.571487966581778 -8.581195597012037 -3.8686642629019863
-5.642735225696662 2.5522300007787884 1.2277188558288437 5.420736394595986 -8.167733956499672 -6.3424630797437604 5.202442442018743 -1.3816981783793914 -1.3645733484717208 -2.712157386547487 0.4485393591145943 -0.9720438167524925
4.60386426728077 -7.54781971862246 3.502656126659865 2.245056302906548 -2.982402823881813 -8.009097007981724 -0.4817746156912346 6.824114052565378 -5.412904884249057 2.788450607400394 9.259767626355114 -5.624005163963406
-9.952942745131619 0.17029925554857428 -5.483598089143104 -3.3036314942709133 -7.630242047175635 -2.479437223387153 0.9206021125779795 -8.831635367387452 -0.008138073518704658 -6.518334885689725 1.0762038358459503 -0.6644399364782778
3.3940127237269664 -5.188414728940664 5.58738009692785 3.45550646208304 4.58685710612993 -4.401930629446234 4.695446730160718 3.4541901212719868 -2.78233470298205 1.0836023342000338 3.05950778994376 -3.911027062015595
-0.09919214750850891 4.3597706419422515 4.385884827097733 6.477543035810871 6.645188007539552 -4.225866516237941 8.239527866204533 -3.0485361506972497 2.485734159571674 9.32446992865026 -8.584725307809329 2.8551890887742974
9.305312268558485 -8.130382228331692 7.256349559199066 -9.30628412950612 -6.43433431447874 3.371447946961874 8.976055818523161 5.747116396371041 -4.037438184637363 2.645916797018943 2.9774323491874473 2.128495243261174
-5.611155555114122 -2.751396542704496 -3.5395741613028413 3.7854488618382867 -9.066108041932724 9.792658423829522 -3.4172362147771684 -9.837503592882777 -9.719037197652046 5.843778528417804 -9.235472396662141 -2.4882619267183
8 12
-5.876754558879959 -9.482729851866852 -3.4847565566185024 6.111736753836585 5.8601166621788625 4.164432185030872 3.447563902199576 3.8989518241858345 -0.8775534231389575 9.726160376823639 -5.04465695394024 8.044159301505822
0.9684037543230932 3.4339296590200146 2.427557881083933 2.974444221262809 -3.36697788810445 5.700204174477095 7.848682220033005 1.6899382682264559 1.5778492156996435 5.288740363562134 1.7880826184534584 -6.40410758641112
8.658202053175785 0.6555669540831488 -2.8515102834078343 -2.7163573994758856 -5.540291286393657 -1.386509912145149 -7.508076110533024 -6.9770700960742165 8.962946624938326 4.624019953241536 7.282729409352662 7.958247664264228
-6.139555213157615 -8.438347881188138 6.958435850306909 -5.799557544904408 0.6686205587000238 -4.639293222611109 8.339865500525367 -0.26239247129080034 1.3521535063986825 -9.752922754167736 6.128316323831889 -7.084540972149512
8.503275489751996 2.2785526321726213 -7.562204007468358 8.693135623970381 5.645786859636495 -9.11199785424599 6.230439801250633 -0.6701771111374129 -9.23728246493935 6.539645304963074 -6.511176188368307 -9.87760573351363
9.013476687378617 5.473344124523713 -8.476486893034636 8.395740746175267 3.793370673318 -0.6461735542332363 1.1543009683806957 8.456630077701803 -2.1255041301329918 -6.860730933514311 0.09939364369077452 0.6520101725313907
-8.532195499991913 -7.714006897408505 -5.480823407710503 -6.390591208405492 -7.442939777625277 -7.085913886021258 -1.9459027692531432 -8.237187833062142 -2.8280273140703427 -4.098560676990046 2.59820449009867 -0.591157923379253
-0.5675850550182098 2.576146407759264 4.279421287473619 -8.97639049380006 -5.706670005266803 3.9971005717362047 4.789282775337963 7.563420521366481 4.103112577349934 8.223465139894394 7.757326779763098 5.776871543704846
8 12
-2.3231622391379414 5.332213697606761 0.013033408400222157 -3.8715253029552503 8.868236562873815 -9.801624422571333 8.428122386642261 -7.048960654501051 9.500830037783693 -2.8940046145444853 2.8511967137984673 -1.0910707293199948
3.000840063412241 -9.652888177181222 5.7105859345098935 -4.652609090417119 4.257468315598347 1.2236897542593432 8.825859321691244 -9.30983404556317 4.762773753405508 -9.215784870300443 -7.81775685339637 -9.934883391780328
-2.0465421180021925 5.095581538234466 -1.565722025824872 8.8661760968041 -7.538465461853152 -9.816374229589693 -4.289376777275593 -0.2665329861897341 -9.659635918347838 6.5521709862506725 -9.567640847858222 6.38555252591345
-8.830658669690294 6.128105154170743 6.335642839261428 2.6666958394963647 -2.5057671464538007 9.089169885203145 8.945765078623754 -9.759041014157985 9.631012939237884 4.654808420652863 7.3052508342010185 -4.786242829541527
6.371727708396666 -5.184637839533712 -4.03301938584272 1.4840088103550855 -8.936203153693306 9.960904090247311 -5.69890969326488 6.029755095707269 9.362420756923846 -5.245085657267454 6.927168970069964 -9.731054881897832
-5.691485324106463 -6.89761640294237 0.3474542487695871 -6.473330454680575 -7.453965591966045 6.580203253996139 -6.341712898711052 -5.011508161632758 -9.739765491141306 -4.493346097317243 -9.454195654792624 3.7103380026741455
-3.107253277685354 -7.544993544986545 -0.2488442500792445 -1.461542619932887 -3.1985367030888057 5.106438754291613 5.731536140087101 -8.718168751161471 5.978657579802265 -4.292772052114584 -7.527157156148641 8.101200409168122
1.7060534020678535 2.159122079658731 -6.528784410324741 2.4035334026119344 9.38683836864459 0.0978146371769224 4.081848078957872 -3.038337059091303 4.399806057837095 3.998253658682616 -9.55458190346349 8.724264179087257
8 12
1.6913576938684027 -6.818214634891378 3.377289598190176 -9.743731604719951 -1.0081094858909356 -9.04346430001975 -7.509976710718675 -7.9290221070057765 1.4710639116554916 -9.035753100793695 0.9933692316451896 6.059832279837835
0.1458333142318864 0.7220701224289741 7.834503959461372 -7.306732968051712 9.961092228993738 -6.381679594395349 -4.739508100965071 2.528229699727788 -7.86603855775776 8.637077877107554 0.4681836982684082 -7.744060746144692
-4.83296788856914 -2.080030595647349 7.169250030379647 -7.830378385869807 -6.96088033541746 1.5435190308006206 -0.8311961436886346 7.165266647779035 4.191230862478324 3.7169026953818225 6.105145753093325 0.937101932284186
-4.601408256255095 6.862917992080998 -2.0192749886051704 8.530756038435175 6.463669920403639 -2.329936575867797 1.9522893214956945 0.8930208794891712 -2.4610041023545133 -8.066231930687112 -1.9383221752341413 9.624435162900898
3.578031448622985 7.667422282382908 4.544508037200529 8.47882034937561 3.608161192402628 0.1787779944325507 -6.034485803289558 4.805964549015817 8.064915118830864 9.615746281207347 9.420655685614602 6.366488503347966
-8.056574460328065 -1.0733845768696622 -7.74443330028306 -5.691338362189247 7.936860173365162 -6.6087542956652605 0.3996701203657089 5.748482991995754 -9.040165583521345 -5.329828424063967 -7.620993357939787 9.468530481875995
-2.6961672308596025 7.626828197174813 -6.076556862973801 -8.701270745096883 9.99757268504905 0.7491984905066005 -9.260743916392467 -2.6100080285148337 4.533973294650826 -9.598201760988134 -4.736594654361806 9.630427343235123
-1.3511194129373312 -8.133346913434636 -6.413620354073386 -6.974386435638165 -8.042478302177416 6.406130065453372 0.9807076372342731 -3.8834975943707484 -9.681940455250526 -2.077785421271521 6.651871251341312 -4.159389492655466
8 12
-5.93875847753303 1.0203374919145496 6.454655034136493 7.891267695714475 2.2046579771868853 5.069929695689995 1.9134944440907713 -4.224801664506774 -4.799366232277551 -5.938826954028331 -9.401734235620147 -7.518246081673903
-4.49487285709262 7.6518725993171905 4.3793655832527545 -3.5584713554740848 8.065289889800699 5.93803499309227 -4.715202858300556 -1.5615640616009898 -3.428092641480336 4.275635706779736 8.353266987887508 -7.648684943240582
3.8391025162925985 0.7301909190408722 9.411604325748048 -0.5930340078400427 -2.8916539820031772 3.864761819156149 -1.8379564575465484 -3.312699273209125 -9.661638620822153 7.63480442044672 4.489600450159088 6.585262656604989
-7.643598536957215 6.950460600256903 6.907475745741543 -7.378001645511542 4.713774651529368 -7.076648527690601 0.27987286392233557 6.816656608104985 6.968228712285693 -9.644861503771981 -1.8032425389630813 -3.345503180177108
7.5807792203180036 1.4489378346088273 0.8757912802582251 -7.788771421641522 -7.627789799969163 6.768253987611313 -6.803331702689017 -9.745433792033397 8.443833063816868 -9.256191256442982 5.709022282533381 0.023035390815667967
3.3525853761916995 1.4369058325952473 6.431214308368592 -6.920904427211423 -8.300469068362792 4.51841410615425 -0.6428523382895399 -9.432488777073116 2.2590782962381084 -9.602195369905571 -9.885074472862833 -8.381808502688433
2.2754381563689474 5.519410739305943 3.690745850439397 6.599665605171591 7.170966072526511 -0.45073747068128966 6.720169337902487 -2.9760584218195874 -3.9710646701463865 -0.24265017913492493 4.467130056252277 2.627912707625736
-8.088909826191287 -0.5444471653377754 0.1376884434148984 -7.291389796139094 3.636585691692371 -6.862957232094189 -4.516565430821567 8.23279208983993 -7.1847427915490325 3.1881133105636206 -2.5667370559882947 -3.4568819585914756
8 12
-3.3351644803036677 -0.02906349358815241 4.7163533265660025 8.048469855479851 -4.489877544794972 -7.593261156375439 -1.187649913814008 -2.764618468224196 1.745814726414853 1.6383553599013005 -7.405159407702606 -4.321487758549627
3.027787999141614 0.05352429355945709 0.4328834601226248 -7.995458963117176 -9.248946601382107 8.02822171841488 1.3139566772944722 -1.8248443067465754 -6.063153796834979 -5.043257529237071 -1.597553360677658 4.318475453374862
-4.901598742016933 0.5836208903296303 -3.317287974947762 -3.0520266612346747 -6.8155096633318335 1.8401501372229632 3.279789101899963 -1.2419789789708418 4.490575576934834 0.6729184449276211 4.03660706957977 0.8947879531770919
-8.38411711434848 3.9649836634871445 -0.5246494494485248 7.742355116098306 3.6649774575198695 1.8550120562915247 -9.834499578800786 8.79077427541148 -5.138514111188868 -2.4423743514935348 -8.983804796210052 5.991086532752
-6.961547307165004 -2.6587213637201224 1.498202785159652 -8.567271394844093 6.5472905641127035 -5.4095712222297765 4.085870225440164 0.46357435089202603 -5.741565731580776 -0.6799179291202115 -6.292116517007253 9.75458531326381
1.6429925789546633 -3.9263367622051293 1.4707758675812261 -9.02703216898922 6.419353792500562 8.07618391874616 4.4013989079134035 0.9991272670604054 4.225565105718729 8.72671622091967 7.88389840474823 5.527040897734112
-9.941656396774592 7.876025547979843 2.2235762951597415 -9.717903530204508 5.223447611825648 9.373662265462297 -2.952379271375225 9.340612799378949 4.212972547961037 9.75475175622045 1.324614156537633 3.6498278739347825
-7.720660306725007 1.8692945891516448 -5.6784100672229325 6.809019821437165 -2.6587641494126686 2.5675314623886702 -1.3684376594219732 -0.7945613549266071 1.282104208090253 -4.567724690566514 4.217840848295131 -0.1354661889556219
8 12
7.53470565701884 5.3508506058867304 5.48895904657126 -8.094340848999257 6.1133836986531165 -4.485255340262613 0.7674908302831085 -9.462311465106444 -5.005851649453477 5.5652396686027235 3.8564000323499705 4.687245299857846
-0.24617757019198372 0.5967306219997877 8.487024752137785 -7.271834362408649 6.74170099007824 4.319500495237829 0.06017439637864008 3.2755518398562256 5.966787490079646 -2.5007894649301647 1.3960286841378373 -9.939658164797109
-9.4718989008256 4.4222381781967695 0.30691493079303633 3.850997364986565 6.995957308029382 4.877942342018976 7.923377716737782 3.8119927636090107 -9.275695692756505 6.661341196041647 -9.924369274029864 -5.234778481768025
6.587333521464739 -9.469507916455528 8.83983838919373 -5.881494410993005 3.6683086428347504 -6.565798046435738 1.5824230963644599 -5.964617644675741 -5.613979163557312 -0.41346282697398884 -9.271014999068331 4.836730420919977
-7.337850096723361 7.820037211394027 0.5984023957684066 1.1858593552421546 -6.06462143599458 0.6812018148231598 -4.928430968461662 7.387025747868151 0.21824104949901368 3.4599216559781194 3.344356299865476 9.976222448126776
3.1413233427625737 -0.40228859786248705 -1.319646749677128 3.5691799404821154 -8.751284276514443 5.847649960171907 2.827787639373323 -2.206494033968454 9.19444178811419 -9.942378705625936 9.686244447050093 -1.824610411845029
7.548536001103461 3.198493922955146 5.507779344359037 8.088405439869447 -5.7178927017152725 8.172555285021446 -0.3701479021373011 0.9111554290950785 7.473505666911485 -3.1567630006906473 5.866282654333412 2.1048801552558842
1.903837602778161 -1.294601126594726 -5.074315541020182 -4.476356193607249 4.406073929190519 9.114315186453986 -9.938738337726686 -6.799575461698437 -2.6046182516073424 4.9990742955813126 -6.352313268332046 5.884926014557887
8 12
4.9660007852671395 -4.319459611852736 -2.098821854713706 3.0354478053083316 6.081097508091375 -7.883796357115878 -4.335780274655406 -5.703723188129837 -5.681494399617719 2.7744348289935346 -8.406953180158395 -4.107721048817419
0.02539001538261232 -9.475356688887528 2.656465358882567 7.174669073822958 -4.547856864903883 8.08154920397305 -9.282567984450399 7.246593064181546 9.23147370127402 -3.4217007176166314 -1.484294198760507 -5.842019963729818
0.8230825737826937 -1.3237054802398553 -7.014406379085978 -0.07143144013647529 -8.783645924102881 -8.564157503374602 -1.1633371644220425 0.9782132592951243 -0.06418745705095574 9.120139820672701 2.6554305542239263 -1.6283312433212682
3.053513080362775 0.9650951626998214 8.685853984498706 -9.643637832531919 -5.808923387048743 8.948143742949991 -1.8322243011713262 -1.7094642868374077 -4.582600852231629 9.872543913295036 6.922760005994142 1.142492615243798
9.841313682441882 -3.0119480651803388 -0.08452477841838402 -5.030343172028506 -0.8835293283758272 9.225661397534708 -9.314526833323884 -7.326742315934451 8.020841198597491 9.927403025681397 8.760559778157056 4.967757113965213
5.407184382787653 4.4492402644586875 -6.264988061181647 -9.825680362656144 -3.797630657289406 -6.21726592083979 -7.994247504924516 0.1026892309658578 7.390173855795613 9.849191136171719 9.458882689658722 -1.7939991792323013
-5.932263719871218 -5.378503582529984 -2.454550432386702 -1.762056758360993 0.046302961870807735 -8.558001458325009 -2.4024620150641685 5.557047049004529 -2.850180325374909 0.17025221196614382 -4.231363027514803 7.24990093963072
-7.8863990344066615 8.68392119964161 8.35107919037565 -5.084339714120789 7.636271561843763 -5.699344605452836 -6.247510420779488 -2.2414365495919526 8.021589922164978 -8.82945402280482 -3.9571657158362106 2.596756482561693
8 12
-3.800977205914129 0.7010183364461238 -6.563111231355916 2.254737820754439 -0.7652331496780285 6.805758733903989 -8.118349419654356 3.390393273219754 9.935895739353882 -3.4486268913675016 -7.048719453327701 2.081872726298357
-1.860471547454674 -8.873308026655844 -5.0086789033744505 -1.8640410220032173 -6.683797536058956 4.144438784517323 3.8945725160983162 -2.1562872833584823 -5.967184989731528 -3.4325046231285476 7.1564582147387235 -1.4002070852596482
8.443352147929176 -4.639027571025489 -8.857299681332469 6.733650713807155 9.670428769427808 -6.028464015447776 0.9713846198730494 -9.445194106052433 9.734419422693662 -3.324102571825316 8.51153757308634 9.930963280618094
-1.1051496749243679 -5.902465885531367 -9.327970886303616 5.643530286108485 -1.6595694507001664 -0.7616659805293917 0.49556331375447904 -9.916001312426756 -3.0216702866860086 -0.3429366108167784 2.0171521844641855 8.417907828752455
5.98062588178972 1.4068233841894369 -2.041434563362749 5.643270178112658 9.790423125598608 -7.369319086784117 2.9329260292095363 -3.1375893676000217 -7.943105633229024 -9.25242099754878 1.4299907108147956 -5.190637614700528
-5.38494749093805 1.772150399904378 2.2741944411918507 7.476513139778188 -2.183020692608377 -1.5857880844305594 -4.31485436570346 -9.941684824746261 -4.2822685599639065 -8.14221599481126 2.991499940855885 -1.8589938832013786
-3.734064383944922 -0.2660742549281707 -4.799351662937104 0.02044816137430061 -3.543257525780339 -2.060264464807357 0.38792794073023273 3.788146898071588 8.3097576956607 -5.87135200036812 6.182123834462949 2.1487276506450375
0.8138168507510102 -5.3204868184690906 -4.053563899670689 -5.586640187995393 4.9304722314610565 0.9074371529618546 8.292101074971342 -3.1828586908793817 -8.63554208515492 0.8399335265803956 3.492198522910055 3.7715281201079307
8 12
7.0376510774356795 -7.665242686893537 7.998120757884507 7.832963779310592 -7.959852328441761 -2.318510569337935 -4.991027033892282 5.544579816509756 -8.276764161052835 6.6138168534923665 0.36401255823603584 -5.9265689465056255
9.651522248982822 8.699704513152465 9.817613746540296 9.088739331876646 -3.402666937193912 0.5996796787545122 4.7382234714362585 -6.419018903210196 2.2023232338161556 7.31161212670294 0.44209199703909796 2.1376247354982265
-1.0473087285947802 2.301756773479246 4.386990041520438 6.235004068236407 -2.81418118293349 -4.077576130768509 -6.467451574734331 2.7540591698775287 4.950468889942277 3.79225935432469 -2.200156928980485 -7.013840508875175
-6.7137858565440105 -2.091110315617575 6.305426834007044 9.218604992923737 7.823275415595198 -7.683075809363129 3.238823418407888 -9.425606386307262 -0.746841022003844 4.594344104700404 5.037860574383092 6.397743417248019
7.586194829955065 5.464874529350661 0.45283308304965253 9.861543903816138 -9.376702921194084 -2.906495326956242 -0.384432671774281 5.949793291209797 3.7593417653589114 0.14651678185257566 9.535126882588063 -8.028349725321359
9.049743145497501 3.7780193379830784 -3.9518108507343737 -2.823422890028744 -4.000297315964241 -8.380932846836721 -7.618364731502227 5.3011908347394066 -8.427120887997733 5.962060489608035 -1.0960777977557328 5.9597902812969465
-3.7384044705416635 -4.470828336750259 8.030413463603018 8.62682240825519 -6.246629551877312 -0.917801186555474 -1.887239046737717 -5.886092184753791 7.101886998895132 2.8137942463250916 1.5256359261742407 -7.019332995213283
-6.94972976378442 9.284285250035072 -1.7981415997516752 4.223464700162108 8.369974932813154 -4.358355242216049 -9.718201896503453 -1.2854153551979781 8.14363026056374 5.573570360206082 1.0871672765922256 3.9709560502994776
