3 10
5.309353581271246 2.489503732031002 -5.556847681945538 1.9531650171742605 -3.417288540748295 -7.447256760750265 -8.400356175465088 -8.23259636966267 8.231125542236676 -5.799456859861037
2.3952320589171254 -3.7129128100577162 -0.8710409787903686 6.703606583725019 -2.1417067189626415 -6.099160582132297 -0.8156184936829529 4.252449671561022 0.15883155688750605 -6.28588871371301
9.921371985066564 -4.573173857134833 -5.160192092187577 -5.494266855806938 2.729228214153645 -7.889152848560124 7.439099231330001 -2.7736652450867627 4.313511609301667 -0.40388614619304697
3 8
3.3862423198658966 -1.1499647746990487 -9.897085268043782 -2.5067280128140563 8.26294000108792 9.976879447396026 -7.242188300235524 -0.7549357517046111
-7.4994611980637575 9.662314001473021 -1.0682306446444922 -4.489139345511067 6.742459407447168 -1.844354479006432 -2.9511729981988672 5.442985004583242
0.20207398879503558 -9.611423358588402 -5.358864318659975 0.6396519415802295 -7.678366417085414 -6.926061710919942 5.716833319459983 -0.7173878014185675
8 10
-4.699478095121073 9.994002761808119 -1.5444473744284863 1.3149946069534728 5.18962423706197 3.3149348657353848 -5.1528833605695095 -6.190353842806462 -6.268655370434411 2.654661667092027
-2.328935671163304 1.049058723932383 6.474774264341846 7.037200358377682 4.226170560543839 2.351769927245609 2.544626944538095 -0.7195362706191872 -2.3964888309730465 1.1614718438578144
2.5404930122869747 -2.9811099639531395 -7.481042119155472 4.626770704354495 9.86807265628191 4.259285889072903 -4.786349710748114 -4.4673783233383695 -1.474160277536745 -3.863887175469607
5.154813855985987 -6.418769271471334 -5.724969356117933 -9.141136956579388 1.2081734015695833 0.433630363489943 1.1670736289406172 -9.581121154021764 -4.895967924382187 4.226479013345255
-0.19325929797032693 -9.715427998725161 -9.953141992923793 0.02168221310137497 8.615667182523335 -6.997195343347251 -6.710014821466295 5.594793905203057 -8.196795827083069 4.591742346097014
-9.949270810369386 -1.2191059897276428 -6.414294079321601 -0.38172730709630187 2.284656944444057 -6.927214520917375 -4.583371847572502 1.3543775866763177 -8.54860170832115 1.9822851795984633
-8.143645183524406 9.98818016506727 -9.500982455447211 -3.8719631246214448 -5.131332379598117 2.7342992433868556 -3.944899408842013 9.816335144821412 9.007711052728318 -3.5102342571571965
3.9952142557945525 6.578677517590716 -3.42925424214767 -2.5678075198795973 5.012558508355681 -9.448314405358794 -0.01771699594125664 -0.5984303943990348 4.427921794353228 6.934302249719767
3 10
7.293993545382204 -3.553758447022619 -9.847648136183853 1.9922331904985455 3.9186105648659186 9.605163140941954 3.6439607720120364 -8.632156547408112 -0.47362951241654194 5.483086548503369
-8.207972426377644 5.5732087857095 4.374970396713129 5.876659269939076 5.860638276739305 -8.641037643897402 7.418611396559285 1.709078631496844 -5.460895004033917 -2.56814561897011
1.982537537601015 4.864379028910477 -6.920818702722138 6.277553576501475 -3.454389589559101 -6.4603222296805 5.108080485274675 9.410219047099574 6.431442891696598 -4.1009387073370185
3 6
-4.271442755800122 -8.806631407182053 9.378593817982036 -9.558031930331385 8.458053534760637 9.945049566884784
8.72767500399295 4.454778853022299 3.1115827075350833 -6.99761165931827 1.9791939428229952 -4.635976915449309
-6.178873767807042 -6.099026566646502 -9.19928829649061 -8.421133651548661 -8.385658273448106 -1.6110996772023327
6 8
8.80432140874358 -8.282700038104181 1.4803977935668104 -3.794645088219446 4.256461814611949 -1.1335757316894615 -5.935864279791692 1.2593470823379924
0.4241442407094098 -0.2170851359766779 1.6133388679671725 6.899771567368145 -7.514225799925132 5.217513791863853 5.749774007993855 -8.181944229617955
-1.5828759757160498 4.2960866830001425 -5.928766138327342 0.06695653962321302 -4.451806035307255 -4.751243412726152 -7.151808467621348 -6.775161827524611
8.312177410349136 9.659341187479598 5.416370481642101 -7.20320444051862 -5.648313890668735 3.7220728246312724 -1.595630554231704 9.765708965982064
-3.3627187045455376 2.648486880562203 -5.060645360220599 -0.5683704898576085 8.837332404553695 2.634883353218658 -9.251938389714791 -8.912996608977428
-5.438578140616572 -1.5291863640505188 8.935927740081052 -8.86748567843496 -4.820645280415549 7.399270666993829 -9.988769831942033 -8.713482830654648
8 4
3.2258657547243015 3.325293589020708 -4.590096181365359 -0.9831004242837427
-0.9367704756136224 8.323759101435858 -7.6685227995397565 0.33197600732511034
7.036746486954449 -0.9493919716670867 -6.88732337225423 -5.124869284794624
2.492556902314023 2.998943022007035 -8.322658968798999 3.306336949982846
6.147194490823853 0.7757763460998035 9.453076723254455 0.9864551227093941
0.5093307570639496 -0.540853925859281 9.182559154092253 6.72838416756894
6.689816600882633 -9.040160786345625 5.837955728015814 3.66679940377821
-2.020008336445718 -6.108364707365288 -9.741420115136865 -7.726342351464246
4 10
2.2975364291311244 -2.5414913373215686 1.416095993447552 -9.887995871349315 -1.2296433455192002 2.930373112319346 5.615846597220033 0.5784827608231691 -3.804898790734528 -6.269377126740256
-8.791669966099292 6.318322886162189 5.284079728009578 9.493912940308192 -7.850113724160137 4.209141884708043 -3.9198474667542182 -9.99686631969496 -3.4815575865583126 -7.172116574257994
-8.288614889069875 -3.6780549084910064 0.0398763441511214 7.107192802621569 -6.364857828511128 3.5451864160709157 0.5537812151401127 3.8321666054703325 1.6721987718391755 3.388376067335619
8.263313258267257 -7.533212336633042 4.023033623716337 -2.6568842790250464 -7.719433475316659 -5.252678184850574 -6.624289375174106 -1.5535369508282386 0.3668000096197126 0.33226389166505754
3 10
8.905589512284909 -8.427310164396474 -4.207556832810817 9.891802020218016 9.41312766790567 4.635589625475813 6.328448401593935 7.136823949854744 3.337886693480563 -1.660352024247338
2.9740362674758725 -5.647337162816717 3.2855480420623806 6.801505403798604 -4.3966410724752585 -0.26379576541219585 -8.184917009942845 -0.7289016399309123 -1.3455281782467239 2.9575940553667994
2.575985228514945 -9.982932718115824 -3.5426179170311167 4.27252968659996 1.5221164346294902 -9.306966882342618 -3.3825659893583886 6.732201260220499 4.8302357711610036 -3.4408543914147653
3 10
-1.9841085274187176 8.329381678992565 -3.347732823107606 7.834192419316967 0.36820587495959956 1.759639485518667 -6.2517426725758085 -5.481175962516622 5.281738415805409 0.41094038460658666
-8.876457599063649 6.005142346590098 -6.658804590442715 -2.0230610231868944 4.397066780473359 2.878967617016748 5.126103473310813 -6.2180007196039755 2.257163493850957 0.9256813258959173
1.3586500994144863 2.2598059061103015 -4.796517122982813 8.733065986609951 7.45747334951545 4.75828542060847 -4.737211016621559 9.656482556430252 7.461356328946366 8.624609320813914
3 10
-9.126947624566924 -1.068178554203767 4.97934352456371 -8.65084667500704 -0.9006698295143156 7.256862335472196 -0.15970668748562566 3.2781307265472606 3.3964846737147365 7.504758489268575
-4.014764791363367 -9.257702563454002 -7.290156278654849 9.341014922851773 4.171417074205788 -6.610840189095355 -7.184381133784912 -0.006939166480455228 9.235254713616332 0.131292955347039
3.395026803264402 -0.538358486850969 6.4514523571166436 6.22771946529641 -9.260499550081278 5.844587214572668 -9.968767250399504 -9.87181142688616 9.816647973625926 4.102285633271594
3 10
-3.520750511754665 8.097339148899998 -7.192259899646407 -3.2037426013078862 8.748988390098265 -8.404398926101567 -8.737109835443317 -8.664738492660355 7.690449890867889 7.541012862584001
-1.2871956594374687 8.9534025757054 0.010169803416076206 7.621194505668786 4.404805595862776 -7.268922896738593 -0.9099707142168345 8.757293562900578 -2.417411076098279 -5.1027734755287675
9.91913352098565 -0.5337508415130152 -5.769988510567563 9.787691069995383 9.49863324623373 -1.473218796266707 8.42041423411084 8.589762556877684 -1.1188186563345308 0.9553333930772929
3 8
7.233513226727254 9.616935569844365 3.32586827250206 0.09458620289499997 -9.471563941114646 -9.593773572613882 -8.082932187659537 8.533214693442961
8.192123769319348 -1.6668914316360883 -4.168357429112859 2.8172199697012736 -2.674072783739076 4.541495881654136 8.971406246420823 0.4393047639604397
-0.7913358421769541 -2.9209247021735862 -8.071956548363115 0.7755158425261222 9.30588563582198 1.792300936578755 9.016696992032994 8.14839173114352
8 10
4.131368292289785 7.6422368753142464 8.474248385633466 -0.4670804034754905 2.6888118493296354 -3.9608126194978777 4.920885788450736 6.36070902856525 8.727194617353373 6.71272079903996
-4.190890466958006 7.148068464436619 -4.422245574752484 -8.333926051730078 -4.972333402938103 -0.9882116261496225 -3.4262682922539707 -1.732817021081095 -9.612557745116145 -6.423657213372453
2.6104472538886885 3.5412335012395104 -6.190592331365452 -3.185443629115767 7.315259812880377 2.4849112048412696 5.687559022036995 -5.668096467889036 -6.435367921783963 -7.191041989983766
8.017451235181131 -3.535226180895174 5.989066931851681 -3.1445644635828423 -9.340086893296764 -8.684623080958414 -4.095601852790692 -2.5121584495550264 -5.316055422996091 1.1543850032016252
7.7371437780652315 6.403210621227451 1.0152741554851037 6.245724455540724 0.13804499774128232 2.2905638523597 3.029698136185397 2.898655559385791 -1.4944285992287654 -6.670666426838401
0.13247377877593536 -8.82561841814594 9.411564662511278 8.114089065493037 6.08616221650847 -6.322929352341086 4.11611422839858 2.436683664117199 -1.0975403223000306 1.4200469117044605
0.6330466353293378 -7.003119358840168 -3.5868588847354506 1.1325834284378686 -4.256345361487455 -7.710210218099174 6.640283619278254 1.7513090149612758 -4.293582171475416 0.8812329489341497
0.6643632916132738 -8.825539783105729 -8.57130441447681 -1.9850781988812027 -1.2980967086539401 4.769979373761339 -7.2421137180774835 -3.576460949798448 -2.136784660460867 -2.8122422679171084
3 5
9.651271695442041 5.506153158019586 -4.192202435958256 9.69837935283589 9.631948451158905
2.882789716255852 -5.241084161705192 -0.8620220670251086 -6.725110143168537 -9.076887703633004
8.534602541736906 2.692756983900683 1.2344362645217863 3.897940479983559 -6.707725060472813
5 8
4.405877818050161 2.3403460411769466 5.643345994434725 5.505800169413249 3.4123905679492967 0.5018451254660246 -3.03511572929152 9.471476228235833
-5.3170292009932 7.391760341614184 -9.551611109192246 -1.476700700198922 -2.1830298282247984 7.507103720018492 -7.015256221991752 -0.15715821432916677
-2.3858393228503356 0.8518933501438575 3.8908408543794604 3.019590694521245 1.132602580567582 2.9244705110265414 -8.722921418299734 -4.0007708598076
2.9767857718101904 -5.542386516493116 8.436814647569385 5.124633370145499 8.912352961128821 0.6214712178420783 6.042745039506453 5.969499093177824
-2.85035465623187 -3.1232103015285473 2.2947315369711507 -5.78054836084241 2.642487092529679 7.344232623519918 0.4943777590701828 -4.913945217092095
8 5
-7.2783569158638635 -1.7346141077896995 4.095029123305254 0.3666381054813783 8.285260575888497
5.24268067573084 -7.073504813853734 2.153228974297548 7.601174569558669 -2.8679236831170556
-2.7728027571340297 -4.482911828529852 -8.188356765327235 2.0815508739056927 -6.720107475508619
2.7278139022508423 2.69357734529847 -0.06363937883025095 -2.5051294726106192 8.077802617642234
-2.988351340391981 3.237694795373846 7.439570646867615 -3.673099837537153 -1.0980744904177282
5.350664252599298 1.20572768413097 5.836441483235344 -8.083373955310977 -3.6342479736350297
6.173263683316989 4.929331413177557 1.8935821629023426 -0.09832562045333937 4.413810603291694
-2.36265814024687 -2.71480777481462 -0.9616718124542878 3.2109114415379665 9.510975672030987
5 10
-1.2217782403840065 -7.621801434779314 -9.833052785787931 -4.824880263472034 -3.9392317484989725 -7.863618104142313 7.1358134961151585 -5.078204737984933 2.757208700911413 2.445607629694317
-2.1784373742092233 -7.321726058590037 0.2570362570526452 -5.071167599301532 0.0895738842987992 9.871062514073255 3.3426730255740367 -5.7560139165274276 0.9185199436254976 -8.940059325235401
7.836384127767243 -9.57158630263426 7.966750955861201 -5.242766307694751 0.32415408170050597 -7.330018557266635 7.40919300141892 -7.394122406854573 1.2788505373996433 -5.377598223316211
-8.086637304272351 2.6422795808504063 -8.336962777908258 -3.1905363510034768 -4.171869650264213 6.906480396493777 -6.015883049209161 -9.205591293319419 -2.215771976760344 -6.455161614876075
2.081081183794378 -4.8705754712613984 9.326012004054189 8.372520006652216 -1.8268202144297145 -1.3631235825706227 3.460987330947793 -2.6390575044308378 9.607151888215657 8.111760289863753
3 5
8.113162653579217 -0.4205796209530668 -9.092606133558295 -3.560928163493198 -1.5122786570906595
9.582593311957744 3.988451656565445 -2.2030016964008308 8.030324248252715 -9.072931232173616
4.863526475567445 -9.569096813216944 1.7397072509828764 3.8937508350087633 5.488216529449311
5 10
6.936202895304774 5.367578081807791 0.4527402799930602 -2.552412552354852 -5.703072213346044 5.565780817785011 9.21851890782682 9.925852729607659 -0.012410970044703262 1.2144207708935433
2.551418673940919 -8.147738628402557 -3.374868941300009 -4.904381610845743 -0.9110049965371676 -9.251723127388537 2.069546856072755 0.48087200161968724 8.417615133586047 -1.4218677935015585
-7.973385054555539 5.6020198838303905 -9.46524579535128 3.4483403486569397 -0.1643764055199668 -1.8119762394764027 6.912053619522787 -3.756596070781182 -8.014296799609301 -8.590686141467534
6.305704849457197 -4.753176589895675 -8.310600605376244 7.364788147091446 -9.25974620093365 -3.5968352094112337 -0.9215899688781093 -1.2450470626059928 -7.3449250658237535 5.423660801525179
2.373818970661844 -6.548446601102396 8.826000233830765 -6.2121854742958815 -4.078663429976379 -1.8372557998000438 -0.26956934035552393 -4.9009799824353255 4.202247453448351 6.506323407185853
3 8
-9.44451992597431 -2.546443122501742 6.948584026090636 -2.853603598030592 4.752692588695442 -0.9066851959391826 -0.30067777622103264 7.87974618226297
-0.6838282771169588 7.520300838961727 -5.827502704717745 -0.04872363310603767 0.5684038997393355 -9.401412738867407 -9.48277585804735 4.361904559031725
5.8222049328415455 -9.131516655145933 -2.080168007396903 -1.1786942751032505 -7.612051928578412 4.24856061164515 6.423911175147467 -1.478549771470961
8 10
-3.95820578317295 6.4727557457995 -4.660091264660853 9.53408923650709 -3.013575119855087 -4.686659072035331 -8.669383319841234 -4.6974417576503225 -0.836545769564971 8.665139712687466
5.853595946495638 -2.001754356079428 -6.336337696423076 8.889436011303438 -0.1893381463365742 5.649829166266667 7.478699876086367 1.0614972088047043 8.83107588497721 -3.583868046212677
-2.9835931768805253 -6.010834951722019 -4.3717035282658046 -3.2214423798178604 6.286470648954875 -2.6753856699308187 -4.020657397293553 1.2709681814191232 -2.1753347614280205 4.5172657956794
-4.10892002737085 7.204929676278379 -3.3154266387402203 6.726274042750852 -4.510135660813523 -7.980868204038696 0.36885628441758556 0.3514674157982576 8.138620381202376 8.064051761972223
2.1321292374650476 -5.978098915986885 4.896435715817859 -0.42488847860474266 -1.2982539281568108 9.952797556205407 1.913017304299423 -0.31373647532306137 -8.616844552943162 9.436613835452995
-3.358141549289111 3.833790474537915 2.6119179921279123 -6.855681199713013 1.0494594256753302 2.463755965100118 -8.056079700359524 5.603465538852145 0.520537393344318 7.64495805138629
-9.586132576020997 8.202873000376886 8.8864939702415 -3.90767327661949 -6.138611819095894 -5.523324559541749 0.21444539049908506 4.826580206489755 -3.738820968357448 3.8270234166405572
-9.192754153951634 -7.544234620712835 0.49982724772478804 -2.193384392372062 -6.073069290925266 7.299710880474869 1.2006051011576773 8.402022110810798 2.4678576272431823 0.5902126370776912
10 10
-7.374401337685437 -9.165290772219581 -3.5366023434755416 2.2049124397016193 -6.672059415189972 5.476843220954413 8.375935554530606 -5.675963445871832 2.4404476920430582 0.7144807482857658
0.42632578230444373 -1.5743056621473634 1.5911651342584516 1.0827656325025714 -4.069340773672034 8.078835006864082 -7.130825338978875 2.3435009732556864 -0.23543471929280635 -9.223060019785512
-0.04327535113960934 -2.8884372731581216 2.806364612185039 9.114110963158172 -0.3155842206576338 4.111344292135863 -7.452655643039421 -6.086648805131372 -4.404685697430293 -4.444945645888037
-9.14219983141894 2.9902288470611094 6.307591206709361 -4.984076275803702 1.3511636159228573 0.08127927944492619 -8.481119414760652 -4.116843770617431 -3.352476201598547 -6.2374148707171795
-5.6278256926465176 -7.814495037995506 -0.6262570067626463 -0.7768547837478117 -7.904808173291351 9.926488748611412 7.812085155497769 -2.834944386411335 -6.345047855792738 -7.252610160866442
-1.3188723261950734 4.12869352011743 6.59825480116854 -3.6073374131852587 7.7205632774857875 5.343950897704875 2.6882077093325627 -9.127345819627166 3.759938501599148 -9.17541944211149
-7.7933155245179115 -6.9840206987940245 -3.5537835501084185 -3.130848093653107 -5.713355789867358 0.028470074452119576 3.2563798270795523 -4.770431273356035 -6.120086796817514 -4.028182358730028
7.178344277791634 6.844880255717442 -0.3674207802422469 -3.8587143705347042 1.6255415547446574 4.93855360483327 -0.5253205397504672 -3.653423995169005 -0.014800490131076316 -2.4661836723352852
7.513882251343517 4.18914487369374 8.512027978429305 3.161439964054784 -9.287901479192378 -7.9284868325246105 5.803093101170271 2.6772609854692853 -7.141349931893453 -7.842160359117778
-1.5151628238609138 -6.496563989049329 -2.8842063081016605 3.9419258823362533 -8.895586838234317 4.276260294017504 -5.487449996710834 -6.047202790575983 -3.2520312992800022 0.7515260380088211
3 10
3.9549794927894926 -6.486463769701665 -5.9184567017036755 -7.281906825010973 -8.394919388588143 8.270803047537651 8.223773240360241 -1.876551132764133 -7.381184199805606 -3.3243884619728377
1.3669475269661717 -2.841806476389614 7.630541048106714 5.850537650983698 0.000995402135167467 9.872617575750787 -1.176985524266918 -9.111755820055667 -9.383588412592045 3.5267683919932935
1.6956894889317446 6.501525899572506 1.7747281454468133 -4.84047119467416 3.543882447132722 9.628497767735325 -8.737914429300194 -2.1869987128062585 -2.66081310027997 4.702366179790676
3 10
-1.4045002598127283 6.6449065056150545 3.015236083247766 0.21425537997252952 -7.129303938364884 -7.572876743582961 -3.3261080653817654 -7.8127450570312025 6.16048902351962 -8.197841603771776
7.882755660488449 5.853799478514269 -0.8236089356514764 0.2730184669950315 4.09481532792471 7.441112353373615 -8.349645624169726 2.4902998116742285 3.7771570737501534 -8.006374141587127
9.600464448386091 0.46815602799092737 4.2081061560107 -7.468727496827185 2.01044286235412 4.0104905432603175 -3.7749799265799915 -9.946892672214977 9.697791581267644 -7.771788260556982
3 4
7.48955106267783 8.050774147380466 0.5291002438701486 -6.20232875031224
-1.0075963195957236 -3.1347946238979407 -2.772290741642463 -5.77388663994493
4.477898504482479 2.592529778508064 7.0521969974546295 3.657307676343004
4 8
8.6822272537946 6.16192361104012 8.151166871736663 7.738261311078915 -4.96586289560425 -6.772036414074957 -3.514857947977708 6.050906012171005
7.93735326904752 -4.541008935801121 -7.651967724694835 6.9059432547621356 -8.243277331573646 0.8149953941643702 -4.483236406536355 7.107814179885839
3.4344074026718943 -9.178617899487303 -9.86740503098624 4.61180923531675 5.6485065956402725 -6.531621123744637 2.1133568794877373 5.242476892159296
9.086256489217845 9.289834777938307 1.1489156427572738 2.932943949636215 0.6674124495822262 -4.36609728978318 5.795354747674313 -7.1175419501789605
8 10
8.861699062170672 2.5291439730274323 7.952607285372466 -6.378293450076901 -6.622372291816168 1.1983014781220032 -8.657784909846352 -9.32649545619734 -4.196341911018 -4.261910936572937
5.636179193267489 3.524379486341587 -1.4285278623476891 5.5604770268069785 0.8574581501947343 5.158708806649187 2.0210161008986525 3.7753082872050037 -1.6556116925301154 9.710115916655681
9.989966027636225 4.835037199351381 4.010638444268233 -8.169572909585295 9.058044001521907 -2.1055659903484836 -7.6103490123601825 -5.389365871035099 4.048110020052192 -7.258811139438168
-3.1483328410170097 -2.059911818080633 6.3617811549974945 -6.744433517197745 -1.7148912835989236 -4.464520105677991 -6.610580657146139 -0.45859976865315843 7.445147064687362 -8.918655108184566
6.523603065709523 4.650632675330975 -3.56582835342315 4.54181049966768 -6.856941435995891 -2.653826465786439 3.2432662975524025 -0.4299932920019529 -8.938747274182239 3.9255890098155923
-1.568639987115965 4.254834029261039 0.36572306208364047 -1.1001019402593588 -8.882111381868743 -4.158400846593628 0.24161948610285222 -7.740025890412201 7.336448057946196 -6.3944178117369805
-0.4187327768700211 -3.4218487639818136 7.862271815449951 3.754574111622631 -4.45879141425803 -0.33465753401782905 -9.510815891975657 1.9173752054754196 -5.817187880734083 -1.2524848139278575
-0.24089486091241596 9.795389965544395 -9.189129003251555 -9.949661678331337 5.1481422260408785 -9.138239967714803 -1.1272027667460591 1.1083393950042932 -3.8974502809659466 -1.1197278999737073
3 7
0.28677393377307325 -7.648613560223976 5.172555242718481 -0.22011156053757652 3.6670231108941955 -2.040948570984047 1.774866909809269
-9.912218877070554 3.879225958163314 0.9997665761557606 3.69046263263127 -0.2198506721196587 0.418034572682739 5.431626834825323
-2.4992077905329824 -4.4393411613450855 7.686077462401705 -7.36538528089093 -0.9651231136242533 -7.114906367329135 7.727410140342329
7 10
4.139084082754588 -9.939069451961588 -4.923391513986584 0.3501314148180903 7.413364505179828 1.400073392987565 -2.811848586981709 -7.625365399102622 -6.724193080074752 -2.885627162505349
-6.644312726642649 3.034388838850372 -3.2004778276158863 -0.6634755312768554 0.8885315735682298 -8.023315116298837 7.987409968213456 6.70095358180324 6.316927740287085 -7.65248185711064
-6.60936029432537 -4.848126719965167 -3.8629106903185972 8.526356457795945 6.708544599610452 1.4214989242540454 -2.2227194583976146 1.0761105063272165 -8.269214228900484 2.54081039087367
-5.532605372025352 -6.846447876288777 2.796144397975329 8.452819327164423 5.739080713705118 -2.556496494432565 1.0404341072200989 -2.5953327179163406 4.356079491584168 9.96298825621298
9.640199019648815 7.606239614255344 8.117579916556622 2.888881441878956 1.8011705344340783 2.5316080897024573 5.746052274865567 4.1956625603182935 9.017991874390539 8.54239190753589
1.522160923734507 -5.776307998644055 -5.466147198089515 -7.77010295674515 9.393489184268024 7.863543806614068 4.557001582964176 9.84661688014053 -5.678582465209152 6.368101712332102
6.118942494889062 6.78720855481637 -0.39141338240495926 5.915647191073319 3.7391553360534964 2.265024672809963 -2.190884910841195 9.240335415341942 -6.951229443382463 4.085337290382601
3 5
8.139497896864562 5.6331166034039235 4.832090020518709 8.105864331742431 3.9373603987277797
8.977036874424215 6.441694555369992 -5.455742354561042 -8.726130958157336 3.1106250214389153
-3.498844586262595 -4.590600971558585 -7.046297457604158 5.939645257989511 -6.357671070484525
5 10
9.428912844236041 0.8637891801991753 -4.029863131256064 0.21983072193667752 9.398566840898962 -2.7235492053616728 3.8089496064893424 4.03273556828189 -8.839507957867276 -7.644230878693305
-6.084772762553515 9.796626476981231 -3.703441565676602 7.2806465312718345 -5.806825935815516 -5.456359716463764 9.859668841643007 0.865519682363713 5.5232490743517175 -9.858520283384735
8.957182762768785 1.902072472983356 -2.6547555378704253 -7.2691172143386655 -0.8995394692832406 9.181819750352847 -8.099929456241155 -8.063785842289864 -0.3276966640840797 2.024162192550719
8.432744638432716 -4.989555782159876 -4.564694201436714 3.8705348753537283 -0.2693339463302653 7.5552026272622435 -6.369914413605866 9.412668027543532 8.5446072508661 8.597860099680375
3.8183214979237725 9.024708724106784 -9.264938041248678 3.49393204876095 -1.9446932083720814 5.45952350017175 -8.468166363303268 -8.542730555933426 -2.210578594456713 4.916122611415108
3 10
-1.158135276965087 -3.3907664719606494 4.753710736842702 -5.731882456648949 6.302188767029101 1.4524721626887285 -4.501861761111641 8.815905270099822 4.391097244408098 5.393622484377081
0.5473842742783113 0.4714082123063683 -8.40469726939733 -4.018292322596981 -7.26485804326487 1.975144367499606 -3.226688746006589 9.33139801499432 -8.2376718501163 -1.8818316372806407
-9.450717619846639 -2.7798115968068675 -2.166256171282974 -4.923994399490921 -5.854629579581008 7.886909579236622 8.000700507596694 -0.9488485604965557 3.418415118768234 2.2044743903954434
3 10
5.790635479763694 -1.1550044501575467 -2.348291156764544 1.1230262841191045 3.578384414862235 8.2901686697084 9.982048062078835 5.425975657391334 0.8580175607519429 -5.101178444746255
-4.290471004470842 -2.7582185355526745 -4.614529484795167 2.0042028273911754 8.761057723896599 3.526864848998418 -3.980970880879333 2.3806053394797804 -2.025286194476365 3.647540021625593
-9.844455086485254 -3.0649923830053876 -0.38710642254122796 9.031110190784489 -5.770529621406206 -5.375492793288981 0.31330775253661614 8.262565707224788 -4.834681525040403 8.75569317948927
3 10
5.885326878832945 5.924700069964183 5.864043368277699 -0.42274974507269647 -9.374058736380421 -0.720747010093028 0.5391383393505471 4.244373988950443 3.6024834840246562 6.855870687034454
-4.002823212169265 -4.915150175503971 -6.031430693215567 6.379521827580518 9.404937710379055 -7.631971167479081 -8.576782483353746 5.20260584609418 -3.050978265347613 -0.519817866812101
5.981705843496336 -7.3312991791933 3.770800042752569 -3.8874490437024107 7.464478737763454 -6.969692906952569 3.3024362995682637 0.4116077439030885 1.9914902157821466 -3.6574508586051824
3 10
-9.359294226833434 -8.46954306844648 -2.3647097790163336 9.025062243707204 7.660378774196516 2.141916358717735 2.4074759545442035 -2.159916180987686 -0.2573656311057686 -9.893716907201194
-8.242236868103035 -0.24657302568018125 9.83074724626054 8.101787973969255 -9.914501335578246 4.688046533782588 7.077941155737069 -7.9004442436690585 0.5378395702547838 6.869610672914824
-8.698378760174672 -9.30567776224728 6.25269732870029 7.38103868524415 3.030729370297305 -9.939363794523782 -3.5986192166109854 -1.6867070407471303 -7.742215832678561 -4.891736986590132
3 10
6.837310969894709 2.0064776246466067 -0.5847115043118372 -4.255170674619205 -0.9815407666927083 1.9165073317523067 1.322413777374404 -3.878354838785148 -6.607822599385729 -4.883509637855104
-0.468448078299879 -5.516918081704287 -4.443000971121267 -5.242703876306969 -2.5862510675833006 -5.138466899933918 7.77109254423387 -7.744898668431254 -8.909672077218705 -2.052370810297985
-0.7690915382453145 -3.3902841490558666 0.6100942023007185 -3.62164271490645 9.760082544511 3.5629345523491693 8.758697109963595 -0.7940027817441564 3.661113976032045 4.101908968009326
3 10
-7.601489137047592 7.225713739328544 -8.875598011154706 -3.3940783525140095 4.647512162629274 -3.4047167054624943 -7.0072875273850705 -7.570051577872976 -3.1203869852557826 -4.19353130436197
1.4506979171266714 -1.4106068866699246 5.705732873646173 -9.996051072669905 4.823498557039924 1.1867240152753418 -5.8148596349067905 0.7921128511015603 -9.338479348549187 -2.7053516706756797
2.9550798305223314 1.5167930152679183 -7.139996727028399 -9.718313011709478 -9.092406580317224 1.5565097467081497 8.82689347856147 -5.024326169688238 7.597747213240119 -4.326584439914914
3 10
-1.8768924107264553 -0.32438402244647513 -6.016747616859122 6.63205327614838 -9.285346370146723 3.9185007759139108 8.599082970089572 1.0543819161059602 -3.1311760220345146 -9.863780210704467
-6.922151620708064 -2.5552061449262498 -7.851696067824204 -7.082843558572556 1.6784983597927692 9.974932536278583 -9.93531708027571 3.805875752567694 4.739834730267706 -0.7366467424875562
7.120104674424034 2.3226118907914426 0.47865636418892876 -3.3583404927110516 1.7171921726085788 0.5363078062992432 -5.434617544603865 4.196660110396117 -0.9258308084106854 1.5219820982438943
3 10
6.385832318313533 4.0972522681915535 -9.06804752891182 0.0847044065602276 -5.128799082985143 0.2818848093372601 -8.779276869691836 4.578114429350457 -2.691260609085349 1.0791236024507374
-7.119513917780371 2.567023260728938 -4.0665151553826995 -0.8366771315823271 -3.0108801756748926 2.3773762593863097 -7.238435336047251 -5.600951400856657 -9.06318444372138 3.276392396104825
4.413926171992191 -4.73028399794371 -1.794311832469468 9.171625144790212 -7.224083123755873 9.872296693598944 -4.482297216883106 2.715889752517757 -2.202437322629809 -5.8198241416885015
3 10
-6.679417924218307 -4.508068061787316 8.397434606127632 4.14246579789687 4.8222905611884865 4.148755737481615 -0.9721102264739674 6.916491761833903 3.9656625932994594 9.49245726195949
1.3007458576275432 0.11477661787680304 0.9315826452044362 -7.664282609505131 8.393305842098957 6.4418092893475 7.457871401746296 -5.488927861797331 2.4927045540916186 4.878515917412354
1.8824342650692643 -1.976966040524534 -1.4064486497966815 -4.432417575147811 9.17577118443928 -9.307245125349548 -0.21029518629030974 -8.156217992133321 3.764567122970563 -8.323943914721166
10 10
8.152268342531045 -7.165626418938114 -4.641145552868176 -9.272322966925369 -7.99406710524295 -3.657575656643967 -7.599494805585813 9.441095510942723 -3.205256927692246 4.432186972146518
-7.327027530173506 2.4150789797217715 -6.518468015272454 9.095556358515026 8.028709067293484 0.7898848844793847 -6.835326113760689 2.520113495312854 -0.1718968765946105 7.747058249086894
-7.750165453300357 -9.906826281897326 6.6869438900714435 -3.360453211847629 -8.04281156705657 5.000929345078212 -5.489591264820833 5.177753936290051 -8.714844459065423 -3.859524814734665
4.0510693625864995 9.172364106709516 0.6485399177802726 -1.2559438928267959 -8.915401810687719 -0.6275932295136784 -5.914540840095437 -4.934191471444778 -8.368945075325565 -3.3064169408690836
-6.387391033048974 -4.739340287020573 -8.046414442528505 8.748728962378706 -5.9350880717733485 6.957447879296129 -4.127726161518581 8.407737175841493 1.8442289738490825 -6.22221528889396
-6.167643563045608 1.746542649756364 5.048096928688331 -5.223318132998321 -6.936300597771201 -4.224954536322976 6.309426949600386 8.058144346556695 6.230773436336072 2.8965482471962662
-9.054527172969015 -6.94876573182349 8.853165840698708 -3.4266864483520028 1.691147180375804 5.438728575816452 7.243479946832338 9.844098354984837 -5.620722366550551 0.08856339549655345
3.5004443232166196 3.283201219512355 -0.6949949845688845 9.311937769385136 -9.583768001568295 6.567956420018604 7.1192989869429795 3.878276003718037 -8.674553133964956 5.194454900316073
-9.993146263603133 -8.584439057980521 1.937106375952947 1.3190100676397183 6.133011353601166 -1.501108675183925 7.91954870911831 3.4096428799220284 3.9958188483129824 4.4671079053286356
-4.604306682209847 -7.294339049739868 0.4545354732929301 3.4680175738054544 -0.4014101179531142 -3.7095090300440887 -2.048473279669216 5.41338752382682 8.412329288023205 -7.38975930668845
10 10
7.0065151460649275 -7.623740902261595 -2.296692409836383 8.857471355721785 -9.473592941877891 6.086547646642671 7.760185727679371 -7.68439254695928 4.824733940807384 -4.435556309730153
2.60576374232933 0.4217786957352221 3.459074281721888 -0.8989748751472462 3.125727681123486 3.155374835574996 3.5996584077037674 9.405572864014442 7.973938520508849 1.1619360722202252
3.504864688985453 0.18556096638896236 1.1597724158113465 9.418321503786832 1.7020528599134117 7.716323426266797 -1.2005411190297615 1.013775290343668 -8.29953588643021 3.6478169929008235
8.744746582195173 5.909194858948052 9.525662583386875 -2.785101490659745 3.665682077951452 -9.942295271007872 3.686953193996425 2.7491777099897803 -7.7918669953774415 8.168150359012195
-9.854614595753846 -3.5020197261765684 -3.9488934873705865 8.101307532334417 -2.9925465480519815 -4.231594409964603 3.8842667847561216 -6.851636424134691 4.44870708023976 -8.140299099367187
9.016467017225803 7.657321279480378 2.3038602818799703 4.463249559275395 -8.622514164341283 9.924710678672316 -6.985421550166819 1.356794908161799 6.579583353654989 -4.865730311609735
-1.9622469401589093 5.1636626957820315 -5.820558696583118 3.6624887481438897 6.929445653005043 -8.814765947217396 8.468877880570869 1.7693748283639223 6.435092663205985 5.537387948564859
-1.3657944514802889 -8.234350963203717 4.84381008973701 -8.385698578762518 -9.757411366792791 2.9187915329241054 -2.6377447109320284 -3.4711872532403714 -6.345085020486955 -2.465458484710892
-7.3497843459787155 6.171176099108653 0.4860608790722569 8.007491363691194 5.532731877994053 8.111498990883486 -2.7763720130571867 -0.34047909345827776 7.718128042474692 6.37733639718013
6.998992735849818 -0.9720420537993064 -8.042847934259944 6.694609890835622 -8.79294939962558 -7.512848790422966 -6.931686161280137 9.274264226973855 -3.5063707255545173 4.984603252245037
3 3
-0.9469196621421077 7.29325440862959 1.941665428100798
-4.331983596497542 3.129994762184765 6.239595863868487
1.450547240469394 -4.5243329466932884 -2.691755810912362
3 9
-1.3190968524152495 -3.7510615862633596 1.4419622990458087 1.6240913415675742 -2.257763103033337 -2.077786969187903 -4.911932017321274 1.188063532777793 -3.0722241465783178
4.455447959744735 9.888751421296433 -7.211895992529875 -3.3979537899467775 0.7610445001468094 7.220120303066736 -3.8566434994750693 -0.9194825578488164 5.143770631268293
4.260699603697651 -9.081730575766503 -4.794448465215327 7.457250578529276 4.7474353032257515 -2.80905742413049 -9.890618811743899 -1.052603322837161 -5.868927803006876
9 10
-3.825421093128318 7.2459159226658265 3.3668730722187803 4.8557634775126335 -1.7227925207812405 -3.352461690369653 7.483655242374059 5.930029363154377 -2.6276632518329768 -1.7270554720731113
-3.609505953711425 4.547375717548029 -1.3867562509877214 1.6024162876008852 7.972681396510232 6.973579417945416 -4.230592203490491 7.850699700784791 5.381868227760652 -9.464562972861444
0.9993340520658816 -5.585134743562032 -2.8354741853825383 0.7629851362055184 7.177052105556832 3.02314565190885 8.701036064457835 -4.866436795662208 -5.263905720336435 -6.376652120874374
4.511868887171717 2.0381093248611855 5.779121829816621 -0.7342570395877157 -8.44619883441979 -2.302202519963947 -4.875974513905366 3.190254343398827 8.814190121655837 -0.026506379805317337
-8.30801810404392 3.2803155253905913 7.2193302778213635 -4.980209377866009 -7.174187909002128 -5.388623351571191 0.6514789564433183 -6.258895412674734 -2.2664120958238065 -7.901900983591618
1.6727583389886487 2.6101913157417496 -3.448517603518937 -6.3093903431592295 6.6028561834588295 -8.653266041008013 -2.178713142657398 3.648204318051471 8.195229280655276 5.123269933349588
8.766539813690702 -4.604722570514294 6.072717544897522 1.5086962484532922 -8.955908638660324 4.0768308388778856 1.6023173532547048 3.6171986752323964 -8.660500816334054 6.370686202355774
-8.374975976700211 2.6722857999909344 3.5645532406585705 -8.021024076292742 -8.182848463432123 9.432673854423843 -3.4139306478105897 5.895818224911007 7.417198218760081 -9.708293493096601
7.478532311776426 -4.424976198626207 8.196682796853278 1.5834365192488224 6.522725866786509 -0.9892590161862564 8.2229853397391 -5.981871787373665 -0.11897107446019461 -6.790518421933913
3 10
4.939713338249675 7.264554801730913 -9.665734042650417 3.7256158059349627 -1.254802893168545 0.08722420355399763 -4.426975440048064 3.0909769477145197 4.311850018459943 9.04850878061038
0.2996202320710708 9.727781647362011 3.4798499268236114 -3.365959970610282 1.5556813289082 9.480813827472858 -9.264653231004445 7.433720865970038 -9.67876092098481 -4.179567521919716
3.2104127288228668 -2.358509435245148 -4.53751593779945 5.962644010361764 7.667888781045143 -2.251324375058612 -5.733317772046458 -1.0516583992400577 -1.9616654474538855 -5.237095578884697
3 10
5.099363270926297 -1.4649924505197482 7.9952126789853075 -0.923530374928422 -8.365494587452229 7.894466485184218 -6.780044560495046 -5.607839988476231 2.7597116920561184 3.924119315921475
-4.283108816421053 4.778706229196409 2.5295184502581076 8.489603643227554 9.17904807869131 -3.706854010544756 -0.6937559407638378 -5.22685169925065 7.53010246006291 -4.126937760850287
2.097939280063139 -6.510894821843303 -7.418885406101499 -2.115615601430214 0.6613250868945837 5.470545434512989 3.1679369904489967 6.36041532735722 6.86906177749335 -4.141683852061819
3 10
4.52523943967287 -0.6548153307978062 4.221886159050426 -7.501431249701531 -9.380206226191891 -2.7987151634618224 -0.91067211847575 8.610778053855462 1.8033694048421278 -1.5435747767010337
7.751568941767804 9.166709302722925 -4.308031543203845 9.412154303525874 0.4940905965733293 -4.339485134622494 -1.4634573409704572 3.18503018080448 -0.7992982794382382 0.5599978017091072
3.720066051331978 0.9083239129249989 8.049964244164507 -0.41662504526287236 5.70179167610409 3.8613819706641195 5.014917254696368 -6.059876309061309 3.24649734029839 4.679183410977608
3 10
3.033316497253047 -5.5974184727086485 5.485083975869564 0.3833625605903901 -0.9041834697988484 -3.361737230542074 6.6207045194766785 -5.887954826081234 -1.387971870673237 -4.439063592405715
-5.818229940177195 7.87457380458077 5.1262881145554005 2.3326322589804853 1.7063241757469143 -0.6065687676286409 6.953974326809089 0.48803678678749307 1.3189149406461667 -8.922083310768443
6.351525901754268 -9.437639566764414 -6.224772849750053 8.866047324066376 -9.604214496753569 6.228548532528574 -8.458883480326422 4.698974575845757 6.507411580184623 -7.446255996318567
3 10
9.364726250264997 6.791060691477956 -1.1065762337242901 1.6570820148663117 -3.67507605760907 -4.693730835780854 4.085561055705295 -0.9932867652382953 -0.13391653423222571 -0.21691173160992605
9.058455158190839 6.609132766081633 4.777854151663503 6.608737701102175 -1.220950057551903 -2.363743936708045 5.422708259786329 9.25277555496844 7.456621683112633 -2.533626468337326
-4.792149027817272 -3.700445721324752 2.259026908071572 -5.251134679548777 4.272959636866982 -7.6881131967288425 1.873747764546028 -9.947401583450679 -1.3796131863944954 -9.347137510711654
3 10
9.404947986146588 0.5210758182096917 -0.6571979349748585 -8.010940695441152 -2.066238520218155 7.911274291865876 8.240048452778982 4.858800395681104 6.098158151118099 -0.4112080251235959
-2.1447722565519634 4.14811823253428 -3.3264806745227427 1.8693958057521876 -5.698650038824578 4.934257497900765 -6.459688664854268 -9.006526492280534 -6.673832264364146 6.377062518227373
-6.978548975768932 -9.453125670083296 7.135893530801059 -8.257256190296076 -5.692532001700612 -6.824827833613911 4.276461953696067 -1.6908699857381304 -0.18693460664010964 5.598869824921778
3 10
1.812712522489747 2.6677214537364407 2.475995802254886 6.887476179684114 -1.7632023660077394 8.426920745349136 8.837577957707076 0.24372848450429885 -6.645567916676043 -3.02934459599949
-8.845564483019551 -4.434400783313379 5.601803869625531 -1.3845703145641473 8.70183550138712 -5.602228707557662 8.138712284949342 4.360882363768601 7.671294700878434 1.479714555109874
-3.7160709561531675 -6.804342259017771 0.5072327918454462 -7.973213717498194 -1.757442224861503 1.6799418100189527 7.179784251765643 -0.5360784076516456 -7.311942758571162 6.488039879329314
3 8
2.112012473943272 -7.166899781861575 -9.400123062085637 -1.9698276682359346 -7.734117220827297 -5.219510999590053 1.0839138261522656 7.291957400626352
7.7544593560397495 3.1649401830459727 9.828752602130201 7.811168748106226 2.0503494118899575 6.991197983179525 -9.768912285914999 6.536495992585994
4.868093044620345 2.0731632481810074 -5.6088454954147 4.518999309001831 5.4589005742106025 4.913244485787509 6.811287994394323 8.711664098543409
8 10
-1.547315657283015 1.0210120805644998 -2.8413770354131636 -6.856033412379638 -8.106757560697709 8.785545872669836 -6.706814307545706 5.592744158620565 -4.340289253240071 -0.29685934744551545
5.568604803644966 -0.6821124239118266 7.095683587392742 2.2880560770444465 2.865371998496528 6.408095084702076 4.604776807518702 1.4835540986074527 -4.050040207384549 3.5584040600175886
5.178431765669414 1.3340456279848745 -2.5115300690211706 9.05372969942302 -8.085976278585106 -6.324188184576016 -5.57198250554972 -6.768706607098734 4.271400060665087 8.370606489502759
7.525625826414981 9.974906661378032 2.1474013740478206 9.472748239044158 3.8753225078482707 3.9158606893980092 4.62296928374289 2.5620809708259884 -0.634581610178147 -8.247432300209637
7.918915004230843 1.0521501068886607 0.18558486043305678 7.585122906448479 -9.575977778404472 7.542520211683016 2.2674660897113093 -5.557463044814607 8.781214577578282 1.9777549041530396
-3.3668984813732354 8.750112767611444 6.9674896430261875 1.4026036388792988 0.5021394472847103 -5.550481382857894 -4.00864507945669 4.469907936769308 7.027168876068544 8.38348903413019
-1.5252573430467304 1.5882572049159087 -5.549277509755866 -5.390998483886047 -4.856560809912627 -5.980900029362193 1.3102252744425833 -4.4900305157412435 6.578945406081139 2.5453216191077015
1.8546746576307065 7.02583531152311 7.604757452831308 1.088847755741913 -1.1976611356398852 -8.288498646411611 -1.269929122539022 -1.6616319218548163 -8.702436355638456 6.103654852716765
3 8
7.922284576030972 -1.5831499236521474 6.816130399828122 4.6975547690350865 6.500956621316732 8.687753450882841 -3.1925390449262796 4.425556478841626
5.849451253404002 7.46509746062592 -8.643093654971821 -2.9423624924693463 -3.745837793134217 -4.615019308179731 8.475083187550279 -2.4552185650194014
9.458950094460185 3.2912599674426612 5.351323025896459 -3.318727821510845 4.563211294407871 -7.810899013078436 6.0458544687246345 9.834537906330642
8 10
3.055218818253495 6.888515543542951 -5.330139883882241 2.2353733592608034 -5.233856632503762 3.0265589390477423 6.321284183812963 -3.9838249702111987 -4.214985527523103 -0.5441522232761073
1.172207153046994 4.195378091403406 1.8330320781656901 -9.802662428665448 -2.234470981759964 -2.7418790825180706 7.044957607850723 8.88311701527848 1.8900435333237304 -4.949012183774575
7.248561060816989 3.5467828719120646 2.893833654263311 4.796760575554369 2.883264470040034 1.8112687761527173 3.5365221313331077 8.598538849474483 3.191041471239762 -9.344824604878518
-5.884411015281037 -3.974556257402666 -8.433718938485397 4.11966185418186 8.30038763251883 -5.6758174646149495 -4.229987099541979 2.4094174525230923 -3.847772076330733 -5.789082005662949
1.3258367899769734 -3.288557056166061 -4.916685138470138 1.9101093866383305 2.5285898309990724 -1.8496019504226844 -9.079177583832118 5.184771823172703 -7.831853263645985 -8.022404813168635
1.8870902891968466 -7.868636621710692 9.377225817303692 8.376295358659476 0.6105922238266075 9.013655212245546 -4.680632675176424 -3.71888678967335 -5.5704983171474325 -8.691903253069484
8.10490124812446 -1.1033224587576989 -1.4024936269894823 -2.508486266124743 8.978488862028044 -1.5844780294956458 8.954662927788444 -5.7828264793910495 -4.72007443993252 -4.076206044326305
3.896860052779065 0.5819543315221942 -6.0854669698649015 -4.44464613631629 0.9592021907456623 3.922993640690853 -4.839683213301676 5.803558349036891 4.966040612792842 4.33337681435599
3 4
8.451119940377527 -8.948259586237768 -9.60620040214345 -2.624986725318699
-4.754951387866122 -1.9202199095039347 -4.760379322253767 -4.636341249158629
7.053425754865682 6.742160807362421 2.9945920005418216 1.731460126566276
4 10
7.78778723161086 -5.788535723486095 8.13769033642157 -3.218349291850058 -7.45123748661221 -7.260526685280464 -6.086677225366854 3.171398490559179 -2.0650709384945687 8.774169263641994
-0.1299075222733741 -5.910449675754514 5.218154299844731 -4.290846482024328 1.2443790900419422 2.2026442989885773 0.5517661024050895 7.519275913329391 -9.674752641102188 -1.761534960479965
-7.485318675281347 4.696521032509871 2.2694713311402115 -3.9163345670760137 7.152147219717609 6.458498739377063 3.5144462740375975 6.745715816654485 -0.7746916611359023 -6.269701879528471
8.42826539384344 2.4047789519661613 5.478885264938739 -8.31580487323044 -4.968440736246775 2.6098879166452384 -2.2086219908140343 2.4266885194547587 0.6673280020670553 6.1429173463569136
3 10
7.680185800548632 7.252120434888415 -9.616880338849342 -3.0617580063565235 -9.885092764281492 1.8965985083592685 3.8450556502749595 9.201224283166617 -0.12427300317525791 -9.953766710494518
-3.687157841857971 -7.715433805884193 -0.9992997394920717 -4.898494673516229 -3.0067373613235144 -0.8954628176184727 -5.941543987473665 9.005891932619342 -8.134610076116136 -7.53454934448995
-9.959079868283457 -8.865534855375127 -9.699168837665177 7.530709543884299 -7.6361605348264945 -3.7117667306850084 0.11346218693213395 -7.333722139861085 -6.447328741021026 -5.153979120763481
3 10
-7.8649796160273855 -6.156431396894055 5.615096576133752 -4.5276538291778 8.57534568071301 7.342420221718768 -2.3110103399858994 4.334117183352063 -4.23395230919541 0.9397427773393101
-4.336151678246751 5.83950664278265 0.3945177055591582 -4.0344702729552235 6.474479857446411 6.583537051644587 1.3686311769175745 -6.538155847857466 9.009328144199536 3.051071334880813
-1.5990140287704708 1.9390251624625598 -5.150017705850612 6.176366256824373 -0.5378675804963411 9.370630994750307 8.0606509535688 -2.5849995355079365 -6.400477544737382 -3.0601004622250683
3 4
-3.3037234852906927 -3.7727773214312466 -1.938646260966518 -3.8646616480770346
7.115624477630277 2.1916887332239536 5.84762615748925 8.996276756225846
-8.790569935047568 -7.69932589182992 -6.965205474103149 8.2440104428101
4 10
8.303214343789499 -3.5645428579425804 -4.611571722916697 2.991791551461354 -7.726060452008106 4.319229872762346 1.164881120603095 -1.811423554562877 -6.855408931646599 3.3908996330909105
4.251975278647111 -1.3274831765498618 -7.821958061611937 9.872683082568226 4.983077812152894 -3.819103834881698 7.066390924113048 5.461208452091107 -4.5991230073919525 2.9883083655700986
-2.5559224730328323 6.263448031634265 2.599664676864961 5.621100824640674 -6.549210458339509 -1.8725775953168018 -2.2496562317503894 -3.4633318012624414 6.753667673300313 -1.6179207683917554
-7.183391238992794 1.7828356469679 -2.0801402149190595 -6.77536384316717 5.518933440044995 -9.614067476600042 8.377590975763596 0.9505459784784449 -3.653911525569333 6.974614837616009
3 10
-6.051972754610945 5.5666879653469525 8.826636914445974 3.625393658840805 -8.08923083477943 -3.778859575238185 2.104790246070994 -2.833561370270936 7.754283207045155 7.496728316268332
2.8756168480376143 -8.595995235356565 4.523356114256714 4.760445604530565 -1.9293065109829417 -7.991764474305114 0.996594227304664 -0.41270937161883303 4.756687977475213 2.2960144180159165
-3.889875903570175 5.384612679857931 -8.67035761272848 -0.4260677656824168 -6.989021217216916 8.808443290065672 -5.575789870552588 -8.213762764109894 8.223799006263249 -5.592765952281549
10 2
6.533883256125698 6.273226319114496
7.500323256025467 9.186249742396292
8.796015888228254 -7.436483976580355
-2.39330788332291 -5.137109574099048
-5.718374100520098 -0.7487702910930967
0.17906469979513773 -5.5681392337974955
3.1320264474384842 8.691964559530273
5.587846555815304 9.30519523254273
8.849554340871371 0.34652291687294046
-2.437183064810471 9.3638439773365
2 10
5.5662652763693 -3.7416397212160906 3.309601487465141 6.386276662851074 8.482637520162331 5.395059923054619 6.64107444687879 -5.074491686347937 -8.672277988994473 -9.012959796323052
-3.824949816862791 -3.3902750906889896 5.728457480292075 -8.698817772467102 4.190345618158629 4.587241146676199 -0.7435933111651121 2.231826322886848 2.419252181771565 8.298510240413211
3 10
-3.090294887946756 6.860337620603772 -0.8951742976422423 -2.666635387361511 -4.945186255373233 -7.272746793015004 5.911880612079294 -0.9841438397855384 -3.619587083456528 -7.018736490179444
9.035656323824217 -1.1864740657790467 2.192937862701365 2.8459332809615567 8.001649365294185 9.971620622846167 -1.6684000460782826 -0.41231069515391994 2.069815081225048 -0.5638266671700816
9.724516216685096 -1.0105053746605783 -5.5864460509504354 7.484546153986187 8.78687422358798 -2.337766120192417 5.897265778537072 -2.005356173581778 -8.700252555905191 -8.836615056119324
3 4
6.028179583790767 6.238032909672796 8.641631491151134 1.1776086647311264
4.056346407481087 -8.628491662180704 6.860189545456695 3.8161397805175845
-0.15258521056947139 -8.461764613614038 2.086773439381769 -6.717414046255845
4 10
1.0374391507598943 5.543924612714214 4.939489766525945 -5.005694559473857 9.199794881512396 7.8135575453330866 -3.2041531247402695 2.7626852806414597 8.79510713154762 3.357101739517196
-7.842042258763373 3.385120166671637 -2.5487797941381913 -3.096028828820403 -8.03793376389171 0.5702221665808338 -0.06984603416240809 -5.655848988246632 0.13664700321482925 -4.187589142542041
5.755705793539027 -9.973635231573772 -0.23133487852190449 4.337576838442327 2.8539056587433933 6.2657004953097335 -8.695360345143072 3.319334674764141 -4.107119064366145 -0.8532410797070433
-2.324400647324163 -0.8115024177643022 1.5457661968181355 6.295849777240612 2.175161393397623 -2.34761241170615 -1.226292848283368 -5.144788187549083 0.33168360295006494 5.974319144010423
3 10
4.4330184789598 -8.567403800573786 -2.7162907247125894 -9.439776989429468 -7.436379279987346 -1.3314096385622634 -0.07384344160969647 4.585423834453891 -2.2561266100698374 -8.767397765403986
-9.476904676680158 5.489373695322982 0.05817611242380849 3.1083423112655844 -0.8206703064111682 6.568297756066244 1.242636691523364 0.6968153332934754 -3.99737905982835 -5.035256808700794
5.571940670860007 3.1808276816632386 8.400994375287368 -4.30748190455132 5.410590389444831 2.6557737183832675 -7.575030476196556 -4.756398582303525 -5.239007726963633 -7.871346404369806
3 10
-0.03406915976920111 -9.26571610617428 7.466330220136616 -8.431875863974518 8.592542751056396 -7.128889143737005 -7.366189620252436 7.728651480049042 -7.492069226432465 -8.910977247202126
1.384663341164945 7.261996522851543 -8.605093642338096 -6.18199447766756 -5.2087058721724855 3.904894693990432 9.13289955877445 -5.62943397803052 -3.938124538793664 -3.9306056114748023
-7.303184145580346 5.856903283700559 7.866166990372648 3.4859569786376277 -6.643895102018755 0.23729105114312787 -9.451037441005585 5.430913417729453 2.810407389866679 -0.1486539627109913
3 10
-6.154009445202275 8.382586553265845 6.158224307738237 -5.2456193280547865 4.558795582316087 -2.3288236497780845 2.1068279604089 1.9542329436096129 -1.2229837908349062 1.6229547596944798
6.345115455631696 3.8212998797946227 -4.980977854908826 -7.087610382672245 1.3452168492699261 -3.2048932356781634 -0.6065399434488441 -4.7648284531406855 -6.893312412976298 -4.428669222566571
-7.2586665168963815 -0.3245590678305419 -7.811918013250347 4.367552510416354 -2.565345140034056 -1.705928930529483 -0.6934742022858948 -9.786268214926956 4.957896102788821 -1.142286227659575
3 10
8.989986065296037 -4.0445901122490575 4.86301002457715 0.2919222077670689 -6.511930950927239 -6.225741959850081 -5.262042580682326 2.8836566344602907 9.746186832652416 -1.8043990700022068
9.761459464058191 1.6506223825364899 5.505134895049014 2.6073758117631165 -1.6862814962784078 3.0180799458475605 5.727760636872484 7.479720680069011 2.7865798953344534 -4.753931867064695
7.192230525286504 -6.097659726392431 4.533403839565878 -9.684543830802653 -9.021056446880522 -9.203519436237354 3.9568255536543226 1.4781744827471037 -1.2155761094851147 6.339283077306643
3 4
0.4785262635643335 -0.01745425440183901 7.624896630656465 -4.684670528194088
1.2679359365557712 -3.067914253132942 -2.809342408352129 -3.99824017887312
-8.006257961267877 -0.9457744316789274 3.1272174492072207 -6.4158927003965545
4 9
-6.142575957572287 9.603748821940105 1.9749123367557893 8.746617742482872 6.7657458710548575 9.23168440068926 -4.9351026485140554 4.541411837499787 7.11594369875872
-2.495697605226603 -5.810927203678718 -8.802922753796185 -1.0446318714841958 -2.3034359280147854 9.019538818044563 1.3034090528490303 0.0031604338322352987 -7.150741579923167
7.525807436953166 -6.0659421296876515 -9.120142655399803 9.609596164562447 -5.219356042669916 -4.086458643035382 1.3706204022305695 6.218511777532381 -7.903861802959171
-9.197782136972867 1.484886434052834 9.232897830694224 3.901096016074167 -7.333049257552631 1.934127145929665 -3.3028472223866316 -8.48375885171099 5.261096512405372
9 10
0.23344726991177112 4.035025447605548 9.919354014874518 1.0911769590543337 0.5279366605805969 5.4039224750356425 -3.123367954176482 -4.360124749732837 1.5064792584663138 5.453567089847667
4.073417619002539 -0.632803460186457 -1.245501964189824 7.247189042695354 -5.102818156896561 -7.3746904836006095 -6.0876220925237305 -4.059154689726022 0.7726968232113958 -0.12149872834221753
8.123426891280864 4.25612936010735 5.5315449214352945 -7.289819171861076 1.5329436801037577 -5.46742806948142 -7.062708597866685 -1.4790538876367005 6.6133141307723555 9.309464656997147
5.293443819106658 1.8573255395517858 3.232996612882147 -0.21227038639421103 -6.092520406264457 9.121996724677462 -7.852165545234335 6.474747427356007 -8.373536526561649 -8.900357493584117
-2.7856448646596803 4.3286056185642 -1.353764729083494 -6.8315781044427055 -1.7205387002370323 -5.1169453653039865 -2.4543774788136403 -5.724435534895296 -9.855842517993958 -5.189526220733038
-4.67737036388975 3.5068288172905966 6.044693738702932 7.18823399893358 -6.030362490950683 5.6434330807028115 -4.2237447529088845 -6.696832385251678 -4.05877905539147 -2.9903476294479354
-2.590069974287803 1.2671783251764666 -3.6093092324238096 8.172350255614333 -4.007442023500545 -5.673063760579247 -0.7562532402565747 6.560130374162924 -2.10698653561802 7.63279063002738
-1.175222132635108 -2.861551417557475 3.4929382261708763 5.39385008027763 -0.599481302199905 6.797210212234248 0.08359367373502735 -9.901745937131501 9.552508998931152 5.7869351444293144
2.2003388966929585 -7.43581753622081 9.514553847320265 6.542667365657657 5.611746564404845 -1.0457070232291592 -0.7246329050275957 -7.289697078453581 9.319216960353486 -0.08060218245411299
3 5
-3.8041895617226107 -7.578350706733865 3.2995555182591154 -0.5640588812291742 -4.551963717463556
-1.1507858168496448 -4.261917542209894 -1.3782309335238097 -5.633491574529989 3.6959074296832988
0.41745363926420254 -0.34645477182511897 4.005806553696827 8.917696613344383 -1.7913049894903637
5 10
4.4350348443123835 -1.7659335520847925 -5.151861176871901 -9.224286534984973 -8.623029961987639 -8.644012292917989 9.82350697150747 2.9176101964811902 5.459538296078438 -9.78123946012277
-5.554414949844695 4.374472224554918 9.627546872245375 -9.889243047594585 1.96154717858243 -7.569355107734603 -2.4026254681430315 3.175737556517131 2.5417663177186043 -3.4978532736410077
-1.0527037711305276 -2.6717491692844364 -8.353001640514977 -5.919715650014481 0.3455543965540677 4.118730881969746 -3.6168640442088567 -1.8954441814266794 3.8576822665870907 -6.139879650015274
-0.1494240059808014 -5.6640863339376875 1.292326073229864 -1.019394800531547 -1.245694652988174 -9.373750775329546 -7.35118646375996 9.909952877580313 0.20478612551260333 0.32406923705496204
-3.7609232268633663 1.0083454424494604 9.738970963460908 0.4576258101365642 -7.952256713781425 2.9715885544758454 -2.3966033487258542 -7.884488072575264 -8.365718856915297 -3.2567742408601497
3 8
-3.512281674555304 -5.079308734649295 1.7773226884990816 -6.8671892211129215 3.1829286789917806 3.8868511950223343 3.8590020602257162 -9.876620620185877
-3.70494153629215 -3.3920912917397033 -3.4030781800507164 7.125267305432072 -4.227487446909151 6.416685213520331 -7.000843460816483 -4.747017708604484
9.994984189911065 3.6910104046341097 -8.572670880745086 -0.5625187136808734 -6.78784337269952 -1.728180014498795 0.05783378809893769 6.715278601962137
8 2
-1.5099500033306654 3.006319439135668
-7.875830677324029 4.378428291524145
3.391933173371495 4.361919485448791
-1.2191835397258295 9.98321489634283
2.240298777333896 -7.024380382008523
-9.539734581307027 5.943664380451006
8.694723959057043 9.25684905275849
-2.485382280506463 4.176378077318564
2 7
-6.862791256652018 1.0506681028507625 -0.18657809033125616 -8.721534301412069 -0.178349782760014 -7.8552049654108025 6.4503174284873666
5.670862759935789 -9.450133511853664 -7.027138303203797 -9.58544521214558 5.209801391154079 -4.26924348943375 9.6100095470096
7 10
6.567840088111346 -2.053005281854774 -3.4223452275751605 -7.913300157686183 8.75081520601249 -6.269826848293536 -5.911912808012072 5.941812841893475 -3.011427719387802 -4.0435757102321945
2.5712530223447327 -8.966067301421097 0.5512779544618986 -6.669440309232453 0.37789760501655323 -2.8412752500931138 9.281120664634162 9.871835776507101 7.737330989161094 0.4533575676538941
-3.185928674093237 -3.1537333644597236 -1.668584831531156 0.9522155990198371 7.572169716370617 9.350917264226574 5.27521691985811 3.6622444594549712 3.830365934897733 6.459864959930272
2.238496222057522 1.2412012989076011 -0.21564363782162133 3.6173778283161067 -4.260593152521068 -4.467311179709865 1.9051216712267909 6.6955820667316175 7.2854666586415995 -9.567531411017825
6.701099597303472 -8.677760072954586 -5.455233146365039 7.731122002298029 -4.128916630759867 -3.2033101504559047 0.9013356331942042 4.313286349542711 -5.613563141358473 4.814689891267619
-4.606435045315651 5.477883361141105 1.668201202660054 0.5466470861046364 -4.915087811038452 -4.196060633478 5.653863377057002 -1.9542699957110425 8.851783753806952 8.029830155544442
3.5219154920034903 -5.928609231930489 -9.974096337666404 -1.000409917132517 9.672781089644072 8.43828206557886 -0.5963547230466055 -8.526026520413028 7.545741737754167 8.80617395548348
3 10
-6.7119022704046305 0.42179724206045144 -1.6030638540097648 -0.957055759505387 -6.268723943875543 0.8009731829049116 2.145089277513339 -1.105397975178036 9.625150584720142 7.137993935838619
-0.9120837185458974 9.405316724165168 1.2096219457648445 -5.3503207446138195 0.40106826268486095 6.095288958397383 8.307529596999899 8.737322521989434 -7.347715251666731 -3.9661107619911444
7.441715624680036 -2.724850847399331 6.018600874972538 -8.363090092009491 0.7162978413128602 3.8551811235630407 8.046525559422424 1.0050301999518148 -0.6341691941533245 -3.7492380286973415
3 10
5.571734370350345 5.259932092010484 -8.759449282442105 -2.8024613405637684 3.668045570279915 3.4684178332457556 -4.501585769397273 -9.962044049003653 -4.392235818743757 7.792292129309363
-7.972572561958757 5.443056896490441 -0.14475745544897833 3.069494793775931 -5.125236884024684 -3.032154649560928 -6.246248248554796 9.205635155655468 4.663517029904739 -6.766153335052558
-2.6661787151151444 8.49787615413969 9.15123509882794 0.41574672419551995 -4.761850275024777 -1.103044987869275 -4.112843766651604 8.922730568000702 1.3209559819357626 -0.6989310073383947
3 7
-4.162023340953416 3.448755685386347 -0.46879397941095924 -8.541790645098512 -8.018436395742903 -2.19201557493575 6.5917533476644365
0.33702481800830597 -5.4788565134209355 -6.377062328140106 -9.290564034503388 5.902523967230739 -7.65945778533667 3.6681809061012487
-9.044047243797273 -4.129190562881446 5.754808911562115 2.9235272492125475 8.413534087163342 1.9855937613401835 -4.1339074081366505
7 10
-5.853105555968172 6.736962172509436 -1.0698694964592885 -6.936924601400063 7.3515876801435205 8.301733855641917 3.83770677898109 -1.298683336384574 9.208562180914669 -6.2026174074911005
-7.099720368141009 -2.187974514863564 8.340419132593961 9.247230470227777 -9.246526951628367 6.16299918069479 6.536793627832747 -4.559305466704373 1.0935579567428526 6.334129366292927
1.8104108976306854 9.776783082698596 5.422163102162649 8.290859674902439 2.7084865562593734 -9.245181790849795 -4.0044511472464155 6.397843169902721 -8.63936570689023 5.51733176428564
-8.29874889758299 -4.629171344368972 9.108865494167485 5.853504110667378 -1.6401969225986441 -8.29551885768983 6.94520200458987 -3.892637772791163 6.123049571317495 -2.1450320207377382
1.7775516391791086 -4.60962643277905 4.862444509416985 5.932238581663194 2.6522563111768527 -6.537793416872361 -8.500414276546142 -1.4668055118774994 2.3823754272103166 7.714721202804917
-5.067476606539798 8.32653336229573 5.497797983385119 9.620701475204793 4.083363641711912 -2.1217728994423846 -1.8206148625412517 0.12032968586838955 7.799741502954053 4.530766585764447
3.873922767124295 9.522674522455091 8.288070966916372 -5.279028852649262 3.8361210194062245 7.127917395671485 1.2563050228344093 8.331300574566352 -4.5934980253161095 2.373529694400947
3 10
-1.5139687374561994 4.246728330804711 3.7883457694315315 5.527884674268348 -2.656658085050565 -9.341575561499788 6.671602948390159 -9.073146354235142 -1.9429417801061852 5.202175424362537
-2.488926781136387 8.717898358470798 -6.545465847634635 -8.453336618273305 -5.914462310229451 -6.531887896379134 -0.1211011471181429 -4.669440711642077 -0.8268208190336619 8.953481688552131
7.660414473214722 -3.929384512224214 -9.940952241391138 -3.5482314122061602 -2.829241843245491 6.266053770102118 8.405569443104387 -1.601129075211194 9.293887339915376 2.9174501892420057
3 6
-6.300819158067046 -0.739572923626806 0.1115726250648823 7.228150515459792 6.561714934934827 6.662796056384927
-1.2422535843641604 3.3618969342228553 6.3427682073075715 -1.403336613034348 -1.3396864403653623 4.832569530346756
-9.807965661806383 5.56365432813249 -4.262138606802523 9.145137602205654 2.6137299252676183 8.562140425666101
6 10
-4.952349212270557 9.537516768418353 -2.2976386961614548 5.7623314127654695 -9.213021007555716 9.611040576506152 6.758061740694647 7.047504791541591 -6.421897550886544 -4.5365697255709625
8.078217895149226 -4.652691287529391 8.797486275940145 -7.067713504331843 -2.206404324027469 -3.843623389465119 -4.174162962990582 1.7327970683244764 -9.59782882420438 -5.940976562829072
-2.6133923341491583 3.635595078998259 1.257152697043157 -0.4868694371946791 -9.362696752247642 -3.6530515542834223 -8.852956011261163 5.796748433302746 0.09189062916243529 8.217578004619327
0.730519078093586 9.0375824950302 -2.6132886647572473 5.232813551347874 5.528749260208372 -2.65804392447778 6.81648626728494 4.346440605403378 1.787756229844943 -5.640522152484719
3.6074025356563233 0.5966080829838116 0.061732869068366725 -9.288933995206484 -7.83871882678028 6.805734647359337 5.065183676758087 1.7021591921806944 9.646466714443719 -0.5529946373799444
6.6327108430116155 -1.3180065688607314 -6.8013505501917715 8.446787484485188 7.227041159586204 1.618088749549706 -0.4482882107269006 -1.6112484573440504 -1.4485528284837237 -8.873556786439654
3 10
9.465815453240733 8.817791479190387 -1.9244503768449377 8.842633298201715 8.624866238519928 1.7321127699061112 -7.978437551730748 3.2581355675182255 6.552752238026869 -4.8003388986683575
-7.519973645057457 2.2032520123453025 8.437891319991092 0.49241684969448407 -2.330410981198394 -1.01261090450447 -7.658559198335 3.2743482310510856 1.4312054104180767 2.108498710553606
-3.676461512310178 -0.24268100148322347 1.0565812189251247 -6.03542431535238 7.2733418045273375 6.076557398014696 -8.741084963165557 1.8755094924216547 1.976917157030444 -9.05519196279128
3 10
1.8521415024627714 0.5319355182620491 -3.0540364056941716 -5.914391713309206 -6.710453925048043 0.7003750736063772 4.204044480383706 -0.8687075002031044 -8.285236474941977 -6.32885019848225
9.778588110263236 -1.6157158255090671 3.4645336939117257 5.056588281006109 -4.698750587152194 0.2647796344011848 0.456767399958542 4.171088715288242 -2.389825914223258 5.785201029058127
6.786874578526621 8.3190708696327 8.199754567815823 2.4569704268007175 9.886686108900712 -6.572779164211935 2.46860226710149 -7.743569863228519 3.2161388181616086 -0.11806911466749526
3 10
9.061328000068926 0.8100333790583178 3.217216648184259 6.553705461360188 -6.584209469733913 2.8779014116388204 4.250248514739406 -8.430635548983446 -5.955022873864935 -6.282470540479879
-0.6348043275414224 -9.26374451229407 -0.3586942011136873 0.3676228858946402 -4.625045678103725 -8.176445822735396 6.630128288289047 2.586908081850737 -0.8747859294529032 9.962767312635073
-8.746609848615988 3.405515117188461 -0.46270832110086424 -8.143945366056277 -1.0604835824051406 3.4581508459921846 -1.7117885271183937 9.974769759905776 -9.561054275508464 9.707530309672741
3 8
0.18934305453765177 -9.274725490685134 -4.581207534014002 -4.908305578750989 -1.3976911302211263 -8.154157770649547 0.7583890379259355 0.7777534614592625
-1.8593021217999013 -4.768975904689552 -8.378858516704497 -7.745842012015962 -9.010059318290299 2.0008897257135754 -3.5077262679564196 3.204751621141355
5.267971470019299 -0.24209401797866903 -9.191997541979845 7.510248706483974 4.5684312410223615 2.7243704579895773 -7.619560178371514 4.031348400129222
8 10
0.8466095982423631 -7.927524400901163 -3.7539375509475947 0.3148576101464595 1.0951303695455188 -1.4950307752499743 -2.179727920327781 5.54070099773501 2.6602186552196816 -0.23778334982651828
4.68227464699048 2.3367827900219247 2.9074900056855775 -6.655477719480114 -8.01436308043524 9.158249511516079 6.409986469018936 -9.001576775694177 9.668161319176722 7.448443471696603
9.265354577544656 0.1790401055081574 -6.770742577341262 -2.130302387031322 -2.7764237126746742 -8.606038108860004 -9.123209861290702 -5.434613330112212 1.9056582104410253 -7.073875985093876
-4.49283674025053 -6.611272385100786 7.901032081855778 5.581555104584057 4.079110060250118 -8.313089316587249 7.404523652204819 4.30934058921717 -3.473985453297481 9.774092602250928
0.16781674808984093 -4.375568897493139 8.128786965246807 -9.543657838725741 6.282234158567739 -7.278622970379647 -7.253153333993172 -9.827365454619885 2.7359348766255724 -1.9496613177394835
-9.968570391304866 -6.673846327430654 -8.235186178801438 8.620387046850496 -1.8643117558438824 6.4441473850356275 6.2951553911377545 8.367470993699172 -6.450927518232897 4.100982178211721
-6.700552419818015 -4.379711903132795 6.644267654994714 3.3532930758132835 -9.041085540969103 1.9180154155719968 -1.714166969536688 0.9752671419246202 -4.3648613903296996 7.739042088635287
-3.2901270060943073 -2.362021450441243 1.9138166781753636 6.985152710954669 -0.9917189629290064 8.118987874513405 -1.1634147294975055 -4.286131560548123 -7.175738550513162 9.708236964242637
3 10
4.800396266552733 9.172987081982825 4.969820859786736 3.572671193778543 -5.230159172834757 8.624975068043224 3.440515765465653 -1.9310460629754385 -7.934680159239889 4.1663222718654875
0.0694747890352545 9.979160533614618 1.976993837066324 1.005870348847722 -9.072302972134441 -2.8542109648166614 8.317135120931752 9.185626601930426 0.11038846146379022 -8.012636757313649
-5.635988640797153 -6.46791645614927 -1.8905553187651556 -9.542728262819892 -8.154582112613413 3.3300846520429044 0.07397738295424006 -4.828159814653286 9.21653029028192 -7.349075351612344
3 10
5.580554203044166 -3.2044899684142525 -6.463360392311097 8.032684682643907 1.0011475982050584 -5.300234582813593 7.916072657882967 5.469950928476841 5.195462267166423 -3.1442887337246317
5.993261346086342 9.421423227872452 -8.459114041998294 0.5694830855493045 -2.616300344398958 2.1744003490755084 -9.102220319448593 -7.722366131278664 2.165105023601569 0.6116995231809046
-9.400320886204845 0.3858286625485352 -2.817991629035081 -3.9202168578256424 -8.325480291350328 6.759658959404518 5.731171819762222 8.922597213856744 9.17309019650823 7.314216276073701
3 10
-9.17470909122289 -6.320075867958856 -0.579217314440271 3.0140171863932643 5.280810307830555 -3.4553973066601706 -8.321678235032152 9.690038186354371 5.552657451091516 6.435105773514689
5.1122351359593665 4.307343503557483 -4.153362777215048 -0.6890224455053211 -5.419542302057431 -7.467659083010281 1.9690940480875074 7.644801241919392 -9.197387301123063 0.5114941690028765
-8.960430389748133 -6.34999667482798 0.5002964985407807 1.532203117538792 0.5686397366509155 6.848333271822074 -5.912303955582894 -6.570994474593905 -2.670855076033039 -9.397341415364648
3 10
9.456646499307165 -8.992726311115602 -5.237192586793498 -1.8725763952580348 -1.9542202491682126 8.327745735496496 -7.331185200875492 1.1834504822269043 -7.213562953409449 -0.4439185287962406
4.46477187068837 4.205094739187974 4.9516234918514215 -7.969296082964807 0.7388022533312633 7.611308062674958 -1.6626603914542137 6.930531845574443 -1.2394683750589337 6.187846962356385
-6.858849744793584 -6.823188023654703 -9.952178062208489 -3.80527651268517 -9.646973355574001 -3.479155437088071 -1.6223604171972177 1.7831706191535002 -2.6289998943372295 9.304957458728712
3 2
-8.850650349386918 -8.611247262860331
-2.6697527885109285 4.842509693157531
1.1740969837015118 8.869221463362404
2 10
-5.433384859057355 -4.504852475028951 3.8558708596861013 -0.5856678871354877 2.6569426064762887 -3.6170407968042646 -6.713973191502891 -2.2664864427075937 -0.5661566823879323 -3.548557417965565
7.612274770503852 -0.938847005337113 1.4022327035345246 -7.36246382577785 -9.989376136262678 4.9243438090599785 1.3030023484058475 5.636257369399944 -3.1032397242375716 -6.5687075832085995
3 10
-4.454288405224234 -7.0111762664267445 5.662122910914329 2.423906605488259 -2.8105999319272756 5.547479103720168 5.170899057427022 1.233410831270687 -1.743314966043183 7.349807916278312
-9.485047238098819 1.7029455036637682 7.989560897487834 -1.449420759170085 2.374702840085954 -1.2964386910874826 4.2514250689782696 -6.755425192007005 -1.2698548688790456 5.6101366758852045
-3.122508196822416 -8.315254538070874 -7.685192420490365 -1.1507683205776065 9.01824034060473 -2.9590846410406098 8.04660378032531 6.437134738921028 8.331254650185596 3.7996795505643437
