10 1
-7.829657561311838
5.341175441563218
-0.9726019010517284
3.4926692059781637
5.90663495116444
-0.5916274739113874
2.7876236621908532
-3.613700177791708
6.02463845044873
-3.011253748311706
1 3
-6.253465591524661 7.094422533861799 -4.673870198762311
3 2
-9.578091023868387 4.628230007471643
-6.428439302368549 -7.112259688422626
1.9731313211560249 -1.0320491403572944
10 2
-2.7096805918647915 -1.8765112867472489
-1.8369656267736083 1.7392224240661243
-3.4504218369620077 -1.962255747138034
1.0386276554437668 -9.982094763642147
-3.7042964075227474 -8.141324238346346
-2.4672592947395655 -1.3559468016957172
-4.017458049585779 0.5614322982265989
2.7349981413884716 2.2938753240378382
3.172129530175976 4.346972651637909
-3.1803998441032117 -4.723564589301157
10 2
-2.0590212981838913 3.0789578741581547
7.865685749541015 -0.00848570870435239
4.218262772046881 -4.252003796101922
-9.148014087178167 6.786479338040266
8.95165131665096 2.5758860526673377
-1.240485579683888 -4.53215853676239
7.27062379854457 8.858487497333986
6.738343767348422 1.3304641867477827
9.916820885546215 -0.9637703412361898
1.6972986416747666 -6.24497635465768
10 2
-8.44016607141662 -0.713703590051086
-7.414878115444492 -7.507625617736931
0.2564898887260565 8.922477404315106
7.5015197116594265 0.6224860683344229
-2.4533642262206934 -4.109398091918264
5.412112880909055 -3.75564831358073
-2.951186386117344 -6.564069035634148
-0.7690948212221151 9.792147504428097
5.627674605519029 4.329356617003754
-0.6109869923606741 7.231402522978989
10 4
-8.516213117798127 -4.6994620550066895 -5.920389419821024 -5.437741880161813
3.027680019705837 -3.948807971112318 2.0145216888706265 7.983861253565713
1.07200585592971 -1.8619630318329516 8.067120818442422 -2.4015744289291563
6.05523262966199 -7.8340118828989835 -4.727769207603119 -2.4515221658534303
-0.056601612422115366 8.90312302364675 3.17387333515115 -0.7990316353060081
4.431374153919762 6.930972443551287 1.6146588564512996 9.956959171063783
-0.012537142403383328 -4.594292407505984 -9.950237952907043 9.23578656896954
-5.014961392423594 8.82252150885001 4.723175508250213 -9.374120226404585
-2.9751947843862308 1.6589796522865274 8.565135130207754 -1.8198011176884883
9.334534863932639 -7.36417331038457 -0.8821600777542997 3.0534741430722097
4 6
-0.7192184190056352 -2.10584282551872 -6.471556903479989 6.581639501548548 -5.985280629753074 9.17301622548609
9.60236422636006 -5.724959369623557 -9.854460125207794 -9.612690669873134 4.595425461193464 6.714157404884858
5.051801150327311 -1.5047433020234386 2.3098045164474517 -1.4891961074580369 -1.677442377430168 -3.9695710674121347
-5.370437566514131 -0.07646973843701232 6.668395142473763 2.1260106723742354 6.2158425848320675 9.434440957738587
6 2
-9.754143579347843 -5.282226383795803
2.1327744090032237 -6.611017230761098
-5.967817571213372 6.45330396963811
5.1733934127476005 7.417972858677956
8.405313605775827 -2.6195629720405655
7.36046547928105 -7.18840604701488
10 5
5.772698328478068 9.928183089009856 0.09793203453820709 -5.268692956627823 -0.4153831137735047
5.266514450453688 -1.5304747151744955 -1.1782993543978986 -0.41415212402407775 -7.7876564511593465
9.386662766923589 4.2422151985641285 -2.8805176143656634 -2.405394352783869 2.121162682071505
-3.5218015190381884 -6.5276384906050104 -6.8173769132194835 -0.616022949507558 0.030225660305356783
-3.2017392287574147 -6.986910062147411 6.218385169908839 -8.729839886634894 4.900778252817162
4.2503199753899175 -2.9192853671044183 -8.532108446478814 -0.43776817606222274 -5.096310122232486
4.146885348032367 -3.545721177882754 -6.029872944812482 -4.649951402590549 7.801575620843998
9.835465201750825 -8.906167624633458 6.240538796251769 -8.18478865732624 0.2693923324269001
-2.7655562891139933 3.9888734274726385 -5.420090606729861 2.7231203801915598 2.9247697173302036
3.7303189483483834 8.00355632803883 0.5410075487557577 0.40755070302909857 -4.014558939430033
5 8
3.611668891114414 3.720032516762455 9.711012402915102 -6.804693940988951 3.088169568553102 -8.985469650203717 -4.3046583801899585 8.497995451099566
-7.601363055966612 3.47557370973162 9.663260008657232 2.3298548070853933 -9.654324972388027 -1.4468252054835382 6.529720514805682 -2.276057305134243
5.797144764023919 0.859862418277773 6.222597759832624 -8.34765053307297 -7.965570265404449 0.6042120138547347 1.9655555837743002 -0.10807146176909477
-5.867615977461986 -4.893562824401796 8.59703242091112 -9.633937638018024 -3.6575653581122047 -7.490724711569223 0.9225876235927046 3.6024093546658325
7.626989768678381 1.8546746122653541 5.767637372789993 -4.569306385490279 6.443007949008809 -4.880033439594382 -4.2441952170779995 -9.746134624963759
8 2
5.70942099961499 4.035478121855121
3.223236005987115 3.1795483371103668
5.040672965374615 7.720899020289863
-8.864301466728929 9.925446654581972
-2.6848473618112294 -9.903100297825207
-4.418726599234479 1.6853151800808792
-5.786000578111922 -4.481036653969102
4.559485277960981 -1.540450083803453
10 2
0.24488611554420103 0.9397284100666567
-9.662501503637703 5.796437194987183
8.285674407224931 8.965601726376
-8.511443321285624 -6.480840572269761
1.070484509187665 -2.6273025911802623
3.2598222319536863 -6.04080726736685
-9.233382855960258 7.356207076336066
-4.304368542630206 -4.005939244196011
-9.678629283650606 -4.738850928379255
3.1382001751192075 -9.886676316485165
10 2
-6.259294674771563 -2.4283414664507568
8.04471305967699 -9.887430290265245
8.951305944200975 7.888764018221423
-3.3579682544056233 -9.616855763630783
9.197765589563286 8.130110520647694
7.160552553128053 6.467833872110475
-9.465929640284045 2.10828123953201
4.785827044394047 -0.05475021531045776
-5.555797213149849 -9.054985125911399
0.8981960682257206 -6.176659091034402
10 1
0.9404057619002675
6.765164547610098
-5.057921570712769
5.660794952383142
-9.872340911380027
-6.250478454171901
4.156478870880111
5.47097348426357
1.2300855287100614
-7.034195476670195
1 2
0.7734533850046432 3.316153004262624
10 2
4.273990298485925 6.944023977189435
-2.473688455986574 9.157712007547097
-8.00055091746623 -5.371959130517785
7.455242136195231 8.81819837230281
9.728520277094482 7.151059050847049
-4.5054435106103075 5.65975336210248
-6.216452934572851 3.1285908916926743
-8.771714907425476 9.537456427232843
5.598207612578923 2.278711669475209
-0.888053589204965 -5.791971940094161
10 2
9.438317660805257 2.2277495552515845
-9.819300998843142 -7.026809603297313
-9.228504548119083 4.946903180530022
-0.561287965072168 9.574022794069599
4.39268296180062 -0.8772529311881154
-5.602252652405926 -7.8849345729007725
0.7010558299939067 -7.089751615748458
2.5181143521195626 1.8400302047249824
-4.2933409994468885 -2.1266451371356982
-7.7257052529768755 9.459639662190177
10 9
8.281736725628463 7.488446862897963 7.5034252835945665 -5.347329010128221 8.698317146015032 9.631406039989834 -3.3343016779336203 -7.9610249032284415 -9.892913322964318
2.935335613878866 5.186141784021599 1.8734236232302948 3.847203612785348 2.4067560327886213 -2.5140283413002917 5.681847718549323 3.049293048095386 -7.034890806996192
7.472317712901614 -1.075276850334017 -0.280611092297784 -4.601820792966054 -1.702885488398456 6.568608468192799 4.358705675658678 -2.0784313252341917 7.839006682888204
-8.183570112450615 -1.7422782660109313 4.424548437752637 -8.833281494878447 -5.065507557085396 0.9886126561666373 3.1637216185666777 8.418423462100233 1.601046860931108
4.6261528085749415 7.81226078628881 -6.590149451014304 -6.125031085116996 -9.280179253919574 6.992159058963729 -1.057833058911939 -3.6790424106486386 1.4625690485070812
9.743421241141814 6.806254224140215 -8.60318243930704 0.5598792300259721 -3.506470769704184 1.9004099659334166 -9.816133839069865 3.6996942538266975 5.888828686352072
-8.95283060805573 -8.996296115229267 0.8538048602511061 0.1562797333864765 -1.4094029333653495 -1.5305095538728217 -4.592773599776965 -1.7118266048416046 -7.392242145441004
-1.0414558612636338 -9.01144405398208 9.267439083796521 1.3626909157448015 2.122427090461658 3.1033410087437048 -0.9523489043123696 7.921514976067037 -9.029476425122438
-5.73956592637791 -1.3619307011269264 -2.6451668041906355 -3.8995864428565614 5.511568838025283 -7.845394738314555 -5.775474529810545 2.9820559386567513 -1.4038782138271557
5.313392404491816 5.780297010451097 -5.011692352593544 7.546690285642093 8.707328016576305 1.917802061104405 7.806960697916885 1.18623436799745 2.0087988904261618
9 2
-2.649190820616518 -5.417574876295015
-5.426425856150356 8.803894519554692
-3.176985458596125 7.963555885253395
-0.06875117143510678 -0.20291431232209156
5.452536443880325 6.897450827971184
-8.641529222359992 3.4462194173443095
4.7804111420773445 7.78391337334601
-0.09548297823310747 -1.5990050051876885
8.617777374958294 -9.67940939690301
10 2
-5.550383441755848 -7.683515337709627
1.6534232768599004 7.543382246396639
5.765225221419945 -8.410491233795163
9.001190485655279 -8.953778374439786
8.209630509442718 1.2269651412585603
7.0387028628885915 -5.52062904400886
-8.098058144627881 -4.820988239472667
-3.567601832096514 -3.2707993968886946
4.392604314586839 1.9220261509311705
2.2433411370084944 5.278412023885334
10 5
5.500545222687368 8.326322913781713 2.737742096749603 7.957759697554366 -0.8730053061635239
5.5896013400619005 -2.6839595365553848 -6.8802919302483945 9.064477113134895 9.456531374515876
0.9042249417745793 1.4833484633049174 4.187749194221741 -9.376749589236898 -5.3805390658792
-3.902812271906533 9.875651983840893 -1.19951223295433 3.2394076603666004 -5.608405566360293
-5.199917490589227 7.509378364886132 8.86369121972459 -9.17580030066134 -3.877713961345412
0.9976921161358661 1.0506077871038766 9.672372689031537 4.125289734490847 -0.510780918460231
1.880461638091461 -2.228489275135484 1.6328291699830348 0.3132883007796199 3.155746464145622
1.1690548128658147 1.8279334431798802 -0.6655869197567217 -1.8023340060436581 -9.29477333260209
0.6217264247250487 1.3806734421482787 8.592339940381912 -4.4029309784424475 7.444417036120729
-4.273764119135739 3.725981079507452 -7.821950774777566 2.13241545674245 -7.603153221685329
5 2
-8.658696062301633 0.35053838153493544
7.440569764667298 -8.374492292274933
4.026807521136455 3.232698281474029
9.531805125377705 -4.167010885445772
-0.16496506439260195 4.513627168290331
10 2
7.417516893811232 2.843539798285679
-3.952530005467252 3.433533252015941
2.867546257326465 6.345999165545674
-9.542914422984978 5.629391015997866
-9.584416377057373 -9.243658935947625
-1.9935937983269056 -4.660773766556066
-1.869748745226298 8.73881961225208
-4.199641758804584 8.388311398456839
4.02567267789475 0.10474400553541763
-2.1150064111891798 2.783556215961518
10 9
-5.748824910018852 2.768157584876768 -4.7296110743671775 -6.63038111394407 -6.537882051517377 9.086446405079911 -9.075986269982083 -3.685593003986309 0.8580752263494507
-7.614025148758518 -7.937960452284787 5.516265475755661 -2.096480107214365 1.0042962849705077 9.632792922624493 -9.709238539836154 0.2679395513582712 -0.27705541929154975
5.6454466307294044 -4.904035586477953 -5.484268789074324 -6.781045257722205 1.588444285668885 1.5905947202854662 5.441857734562902 -7.242486785280137 2.9489676462209253
-1.5808038369293165 4.639968094258091 -8.664129724765985 4.959150734027348 8.226647244110595 -9.956121584190837 -4.818095652830601 9.943903427688529 -1.1862720212950624
-9.353644591183475 -6.328199932197444 -8.198903724739644 -1.4808060511262298 -7.393136552312067 7.909359568527119 -2.0104026911505057 -2.137042437119357 -8.817458367102045
-5.674975611549467 -2.8209830790727537 -4.239989329478224 -5.0135836501131825 2.9414447499250826 7.070349131358885 -2.8106637628587317 4.392420158260272 -4.440290216358742
8.405304678675861 -4.455262453530153 -6.7697422170668435 3.9918146869658617 6.169819353650379 8.168928862990974 3.5931083194871754 3.599107845047163 -8.151308014102836
-4.63972828602669 -7.567349023941179 8.386298348594831 6.634014500130164 6.582364840896538 2.2446964754943934 -0.7449160294527459 8.93803246729549 -3.7882904052830124
-1.0669604643613457 -7.599387025144879 -5.257875415685804 -7.557910276234474 9.838251422066556 4.2742296708675305 8.546316923341639 1.240188164041049 9.521040862308652
1.0401721263115178 -6.8788001783037505 -8.320468089888454 -8.212643971426445 4.212138225493213 3.1809340197752007 4.901288810373941 5.4785360349750984 3.765422900950144
9 7
0.15973954220157438 -3.835040662823415 -6.307557405862772 -3.957402894388067 -6.340367190378597 9.243612728532845 2.3417352914925864
-4.618836755068485 -1.7082241712673891 4.488914101931549 -7.987391940183855 -6.883712868022071 4.9045717274449565 1.4501387963000933
7.627538704542452 -1.7046439367861161 -3.1447051438577773 0.8751221031289802 -4.941801598179683 -6.486695423897427 2.218875854056769
-8.549211818106935 5.007166599605512 -9.45209296616107 7.82807491086621 -1.8162665865843088 -3.5718313360386222 6.075414995856338
1.932489746691072 -2.553436923178718 9.173968105684192 -0.10810518076153386 8.06981191365946 -7.429441450545808 6.245881622470819
8.316483608621642 -2.1837169751930023 1.9176076720455058 3.726675564499182 -7.123738251540033 4.643121024477807 -3.941097629869934
-9.982325156860917 6.725657521997594 -6.4301498773337995 3.0429663560750893 1.779326906351443 9.033651303538665 -8.240891994770186
-6.560653312576433 7.340868887597477 1.5798654333857076 -5.1708094419864015 4.420039150943797 7.822291659449789 4.073890495429307
5.084241263589018 7.949944959857291 0.338932209788398 -5.0302780004742225 9.57411521089465 -4.720768764195382 -9.717137888375731
7 2
-9.875088596190263 4.177144607057695
-3.147055818212796 0.9015399044529602
7.899791827478182 4.5451147426804575
0.7755433513559282 7.376574040820554
-6.53276383095262 -8.732554899815085
1.076430278424077 -0.23822179034798197
-9.29094086373264 -9.731052337727446
10 2
-4.790279314828949 -5.744225974905848
-3.2915006637702042 -8.262824245512054
-5.469833513709266 -8.584241029184504
-8.22833272139688 9.308239971361932
-9.228220696052759 4.653030830107703
7.657033213911657 4.056279327946122
-2.054585723645575 -0.5942444113930172
8.360550381635644 1.5555943133432155
-0.32112287287624675 3.6896452536497844
9.494825575515314 -1.5375847457299656
2 2
-9.676879904035705 4.222270799202565
0.4405666225826863 9.2744006890544
10 2
4.270540084723738 -8.336527457784229
-3.1959622148027194 -3.34176592444771
5.787300057598571 -5.3708356876700725
-8.063835282216413 -3.0044671896780573
5.872014457426184 -9.08945131814634
-0.5814273834230193 7.942462399527447
-3.7618172652566066 -7.423187472631021
-0.5866031342124955 -6.878524953918901
2.4244881143811234 -2.4619902499988715
-4.971405057590845 -2.351556672952844
10 2
-5.958316599807192 -5.596667736157965
-6.9079005729806875 -7.571874224357449
-8.902706425367867 -8.402865215581471
3.2379092720565517 -7.740038140581005
-6.62101072885511 -4.48735140775141
6.3742425598714085 9.505950318628141
2.2146920786018605 -1.0396252960877916
1.5560893268313691 5.614954106603031
3.3234731142336145 -1.2753903924169485
-1.3842905432156911 -6.476641944285508
10 2
-3.2466312488104005 7.674659321539686
1.9844080259536092 1.422149885161879
3.625918210756275 1.2772133886507486
-7.925895419283766 6.728258408415176
5.312157748334647 -2.122845316791448
-7.766458696216249 9.849052804976807
3.9932502875575153 -7.164159359901589
8.440349136210795 9.215515166616868
-5.147930768989801 -6.396836940832699
0.548551800402123 9.727458287374223
2 1
2.5771580099271407
-7.635309496005904
1 8
3.385257003132235 -3.165208953119407 -7.31520973616695 -6.8594590550410395 -1.9102542240123448 4.499390700587437 -4.270431624441937 -9.755520560485618
8 2
8.961108899876372 9.200691268027196
-7.565147165582045 -4.082698387246446
3.7168796480212247 2.882878228787204
-9.76492460678699 7.056393995791854
2.6921421887866757 -3.652315495940732
0.10066635099723875 7.575206586880551
-6.448661851189447 0.9951190404192083
7.2714678484165916 0.09075431510749077
10 9
9.010189914520023 6.789511689311041 0.0075280762891303254 -3.314460769040945 5.713999130706993 3.5442136422115063 -3.1648651414652935 -0.5891350100328925 8.844186135380802
-5.335198431952293 -5.799160041883519 -2.87720736808944 -4.735802534530997 9.478137045565099 -9.557228117851222 4.578017066802801 -8.595866448560228 -8.622194011430294
-9.710963385327602 -8.25544131054945 9.846774808036255 -2.2040473928315008 2.277567440778789 -2.689541980937129 1.4368363833913804 -2.602209013166501 1.1043345342210547
-5.402953912290536 -3.266814662282025 -5.6673184022525565 -6.199497631413853 4.720494096591668 0.6234447154426164 2.5813857726170113 -5.66700201617429 -5.883440398185429
-5.163726114271365 -3.1721359909199958 7.790966434591464 -8.610181801919804 5.113820823801811 1.077706304177724 4.112100468689075 -3.327739114868667 -0.049575961196769214
-6.2715612005117105 -7.957441493905706 4.4636000170576455 0.14098254768770424 1.077137319789239 -4.799121697783971 -3.1582110663056717 7.752806529897821 3.4612450874370673
3.411606389738802 8.730340627392025 -7.600767873092988 -7.607404852730786 -0.8165168784391774 3.804640020759697 -6.188517156166449 -5.194615539199687 5.279084089449961
5.6725757901352765 8.842604498115616 6.678990579220226 5.025155908852451 -8.972300734558146 -5.32001979029496 8.26088347772495 8.719210130477443 4.265295769482794
-0.2567217936099446 8.50809420769296 0.5680236831226324 -7.800494120896355 1.754918217628699 -6.779145305224496 -2.2119081462204626 9.722161472393115 4.012976434996826
-5.958380925725486 3.6639129903247962 -6.068163185920927 4.526006576247024 -9.304460304894935 5.129663635509207 -7.734478326707885 2.2910092160449675 -6.1129076190811045
9 2
3.5642823396590284 0.9146123775832002
-5.269476663141102 -3.0625218361778224
-8.32041363917709 4.308819315955583
4.528966672405122 -3.4423382290628997
-3.117743986816322 -6.95595497746516
6.2839307432667475 -7.476903832003203
-3.4604727123245453 8.273079015567465
5.97857489926885 9.448151029224196
4.897854695846021 0.4468449219039794
10 1
-4.097802467075413
5.827835764660872
4.893778307838936
-4.604346319211383
6.1300068284982885
-0.8244010315792494
1.4888429986836655
-6.211090348204047
-1.8470701078013825
0.4720393684851931
1 5
4.170831483343232 -2.8064889824285055 5.304171638909001 -0.6076832212143373 -2.5350858213971144
5 2
8.263825636256371 1.968766400633534
2.4384763079610963 7.935778839042065
-1.536744454213327 -9.662175030895312
-6.80346554504011 6.164565665509514
3.1487982332646443 -6.705862365794848
10 6
9.019233785452915 -2.163801000201458 4.629980913357553 8.972200742599917 -5.681075071245445 8.316085735387219
5.868708538030365 3.6405032122305734 -2.1142073566235347 4.772823242989855 3.3425884227055214 -3.632090032369395
6.490649341994228 8.83571185839022 -2.3509236895299646 0.2514507242968236 3.4228838440746205 -4.1240052898900075
-6.459562135373331 7.1000682020935955 -9.085520774250611 8.302399583052487 2.420409407485643 -9.228442713445457
-8.054466412923526 -7.625606738361155 -1.0851666659082824 -2.721152518633474 7.868922112837346 -9.377742987603252
-8.328818196253437 8.130041687539173 -4.9530143296593305 6.623186149518254 2.388255662773899 3.526518160251605
7.064403298349969 5.814986135882517 0.2284265319325396 -4.742741674011864 2.577340065165906 -4.383012188141942
-3.555735946472735 0.23149148399875408 -9.453381697092242 -9.39728563941549 -3.31729566405766 -2.3505967409409596
7.567056939702738 4.644171395485204 -5.538002433609391 -5.1701269988431475 -0.5618309000541384 5.684630261401789
2.8393944771210933 8.126818684942158 -0.40787163894426826 7.596542350816467 9.09777226278823 4.6604714642513745
6 2
8.631347157789534 1.8304064205248665
2.8546665753185785 -8.490621297839658
2.8521051353909144 -8.507085284938858
0.6117238235498981 -4.592439424833296
-9.190960657277866 6.381877844421638
5.308346272908949 2.8920034250605724
10 2
2.1288258035020142 6.9526439516071505
4.140301809337339 4.6833664344495
-3.8302739797156127 -1.7399011725289704
9.939493733128355 4.155047116262075
7.686526847216381 -5.047373278586722
0.38499805741669846 -1.5995605637295753
-0.46521087630101476 3.8786760617056615
-8.214805515766654 2.571589360743774
2.0220097480049617 0.16641105890921182
-4.660707422082025 7.637973236783711
10 5
-4.341731201238046 -1.008677663124347 -8.931724680786504 -8.967542019160597 1.68131477909062
7.949886021341918 9.700992517676966 -9.066502130684018 -9.2170705385955 9.052549081900985
4.553741473258427 4.291920214098454 4.3486159590535145 9.674573893362822 -4.873303293986337
-1.8107022594393207 2.6209007621270217 7.90253126526661 9.831612386811237 -3.2682676423797252
-2.114758655185966 9.27547142506327 8.396638453544693 -8.404844257342905 -8.66733845908991
8.93846906584632 0.43393078220785597 -5.056315349237077 -4.8016826363972775 -1.006147498903056
-5.182315436769073 0.09598821141582192 -1.1850725450740676 -8.451211202846533 -2.1236992273554716
5.506106649495273 -0.43156148913545955 -9.320972065409967 8.340068985495503 7.344709241821924
6.420580135423563 1.8340248173734892 4.878852894830377 1.0845182231042365 2.452015701567529
-7.728201948846234 -8.75732925302076 -4.038672529299481 9.67006326477329 -4.032033358032021
5 5
6.444929910460193 -8.365046618253249 -6.272169608629619 -0.9469439809178546 6.753579093098697
-2.410162244657073 3.794515529368951 -8.587573293784159 -5.707210034695949 -1.2507367449893696
-0.22503551916513231 -4.156512338995957 -5.0758893659116815 -0.863265274188258 7.315207324565552
6.960988002968833 -2.452787486031342 -9.9674899446242 1.9001171161063013 6.817277827701492
2.9929585218063526 1.1078675351825957 6.165050246503931 -5.667177198194782 1.2552476549816678
5 2
-5.01286260521405 -7.106805607807571
5.57596803295046 6.448765105654875
-6.413178943455722 1.4105484515468127
4.787897626909061 8.188711919735997
-2.033159783809233 8.044769684046667
10 2
2.362161547251496 6.326246865092287
6.390184518530443 -6.7587948101859
-9.634602801676671 9.897537549872972
-5.0128948434796605 2.2634717392478976
-4.434086636025915 -7.986694980805327
-8.306022045807378 -6.9106614730278775
-6.671537325093975 -5.5128305734788245
7.568105554063727 8.495652461009112
1.0697176313069985 -8.275111902255276
-8.023133539770694 7.99179813578834
10 2
5.189808882502634 -1.5878520106832372
0.06532346757038887 3.481193059571604
-2.571898169442372 6.441826474287197
-0.011223730525495412 6.142746392219493
-5.93338218353364 -5.53143547198967
0.09799472653579855 5.901707331925383
5.466975393198435 8.655634643764117
3.6972316175721964 -9.446809716040573
0.006965825444815721 -2.6331560182876395
5.396001168614081 1.2711813598731485
10 7
-5.540057745422806 4.611287035951246 7.048145880466883 0.830968468204734 8.440263847979239 -7.14989067539384 -7.297970268477226
-7.379559025342131 9.492045618922376 3.4402408235012736 5.406633344386034 -9.29718418340675 -6.070387858416244 -4.541113787816171
-7.029169124693482 -8.139793614496437 -5.078964490302004 4.261785211254772 2.677615150670686 -1.437525462450095 -0.5290852990461286
-2.654876497482441 9.635900500821101 0.4998889049656441 -0.7743677554200197 0.8251332573926007 1.883298750632017 3.066914717786414
4.147345481511325 9.148828649551291 9.52565660340046 3.984803242290983 -5.903455584060211 2.84745377433331 -0.731202792101131
-1.7697072336867343 -6.452813107505011 9.35459707165299 2.0765666972620025 9.544980000984328 5.1648863042039554 -2.0216044986825388
-3.6324521635439666 -2.5968358188964853 -6.72999142966437 -7.04005938611139 -3.9366635763634994 -8.038116159032837 0.4089397987837664
1.6160365390659912 -3.008311613397705 6.008676686018898 -7.846736831946785 -9.573308494936972 -7.309071990434575 -6.001756932124698
-2.3784784906839285 -6.036367004919924 -2.7641112164440873 7.641269468238306 4.282036967498755 -9.60920098039943 6.145399535536306
0.11625615007482182 1.1186980449307367 4.149804044768725 -2.7061109939325867 -6.716622117474937 2.6275203380565735 -7.83256902912208
7 2
2.3389572964829703 -8.05892879066622
0.6772944203391535 -5.831117901458547
8.359330878736682 -1.3833404672440714
4.225665709821261 8.295525231849883
-6.072605014956269 -4.23730001022842
-2.6861185353092454 1.9452138966370587
-1.475560263892719 4.555846937508541
10 5
-3.449771805105084 -4.1165411807364904 -9.280403131081265 -7.905224161576454 -0.8024144461920493
-5.380300155308893 2.6116321203373154 -5.073171118055837 8.49472123581958 0.48504783634034254
-3.5976157717788197 6.607921180066715 -5.7255246824652435 -2.3053096219755727 8.495599601230602
-4.286309482028193 -6.147738432529031 6.55649307910895 9.521297233572497 -7.737394354147895
9.13256233990715 -1.7211089284992642 -1.5392285692916872 -1.3661680228507684 8.520907947550143
7.711995425264252 -1.5201903994053652 2.0462031484763425 -3.89235473047012 -1.4660345597645996
-3.064463422765275 2.7999368098319337 0.19586492956806545 -2.9932060718433684 -3.578010052738043
-2.612620374441117 1.8691705891354609 6.778402535403739 0.022074395237757116 6.987299804013876
-5.757843172236646 -7.834256128977688 -4.520131897510147 3.1573754719932605 3.8146155114498796
-1.0546341262206838 -9.643299869575426 1.5118616699561205 -5.270604699836541 9.78166190344307
5 2
8.043765221457026 0.8607342167455307
-4.7524803764523345 -6.966145611479577
9.100791218437358 8.812107785252245
8.88045803119125 -2.9792942914507066
6.159679796692664 2.0225296681280263
10 2
-3.1605107279743834 -2.0080867496322004
6.36281745771522 9.575142750703808
5.341898165216161 8.104378527458117
5.1306080689269 -6.82087094679773
-0.5541497708586434 5.929483887028246
-0.010085822455270232 0.5647277044983205
-8.122340138373815 3.720012793036302
-2.229472270173069 9.277652318317223
-1.3481497597867627 3.7461119819793893
-1.386104428436985 -0.9218579992377443
10 2
4.279713519036445 9.775397573285083
-1.926387872986444 -6.8913706090612585
-5.625267298923847 6.275087915866816
3.280935470252013 1.42919471689188
9.347326391214104 9.151437301198964
6.435285580263688 8.476512394753438
7.607639665749726 -3.670745230290806
-3.5417726146241035 -8.501910583191295
-7.593880618409785 -8.60683241451915
7.57318773422087 -9.062584178477117
10 2
1.9423071686719595 4.333813728814334
9.577663872329577 6.194350868928275
-3.216607437434284 -8.001971502912614
-6.554771864116688 6.103540049473377
-0.177860552709312 -7.196291037391029
2.5510133879901353 -3.6387408997185418
-7.820544417714519 5.970173433357724
-6.643905755531653 7.288651243098226
-5.858082516114472 2.9264288404004173
-7.0295132051950056 -7.0153376221466
10 4
-6.039643100814849 8.452135399691883 -0.8717594154134094 -9.204224060203678
-9.426979525827191 -0.8516131630930364 -0.3878292223808124 -3.1514773374499665
5.07815092143443 -7.498775437752247 2.2111374756905295 -0.8109736375255743
-7.203430132286213 7.525625422831574 -2.148010959879687 6.248690305443304
-6.289607923697891 -9.969535817503099 -0.08241826721728884 2.5344832782168947
2.291729849664925 -9.145523382571684 -9.276210731478713 -8.212320474694305
0.013727971979465181 9.381162695627403 -9.305922059263583 -3.596302220192104
7.660219063524622 -9.98063787349758 -6.738293997959017 2.8044310488468156
-5.678974930283833 3.052981636779011 8.020281088033133 -4.191310441301798
1.9947074141574923 3.2230584367145845 -6.737156467469598 4.428541321202724
4 2
8.822605683805055 6.534934342753807
-3.2951838769090553 -0.09274185833738713
-1.2676316448659932 3.414195078297354
-7.038092349568517 -1.3758989015409746
10 2
8.865502459373602 -3.3613797984642924
6.327377954143287 1.3538298383056144
-1.2323841249930254 3.9198832014260674
-1.8074855121458597 7.785857423908425
-1.9696163610631459 9.35422407887804
-7.195855021627966 -0.4701723174932493
-5.094948835417574 -4.577887026402204
4.0898594830742 -8.342971961540428
-8.109376025170336 -3.9271960159404795
-5.666173487585578 8.359785424856437
10 2
-0.2529485349751468 -0.9575217333179982
-9.744073220638661 0.6906804760459408
3.7934980561321314 2.8894934064364453
2.3065684792143326 6.53744431402702
5.8740866287278735 -8.385373135853744
9.437228996423471 7.515751242239464
-6.0166366798958855 -4.948737932277867
-8.138590649427993 6.609236300494299
-2.110631752338543 -6.827808718157886
7.32436391309005 -3.0288734776834847
10 2
7.797090343847437 1.480229138694277
8.58879567271251 5.419901476505212
-7.546733101640126 3.383193983599732
-2.688709290892648 2.6235124333010766
5.611894881857413 2.369286459000431
-2.901507082032568 4.926594482884518
-1.3846421833343783 -4.541494473854215
-8.02484418676208 8.575352158304877
-0.010065167666862607 7.106103348600573
-1.0999507480392232 -0.9438715061336893
10 2
0.7664481301460757 9.65727961603962
8.933872686424277 -1.4563880098233213
-5.00624887379071 -4.52128978708026
-0.03613783540725457 1.2973798356047066
2.167362981405386 -1.5445261084702384
-4.270869474397349 9.473481612392966
4.78621045429013 -8.792082181086599
2.825993965734451 -3.419700778812727
3.842571967301078 4.105890493868923
3.135547128243857 8.233026769458228
10 2
8.548695603143766 6.5597595109912135
-4.91742224989733 -7.353641887139794
8.340752602709252 -1.3741823655449465
-8.874851792768819 4.3217915965655695
9.583851673476769 -6.24912113516471
4.226087794877529 -5.52254260620781
3.2539666729808463 -4.206937993550097
-2.9241778636862144 -6.82278303707943
-1.5744799306499413 -6.261779032509745
0.061312489800929626 -7.186258780836637
10 2
9.065558820728977 -0.6011362789448569
1.1973974740769844 6.421706898685308
2.009388300324737 8.846951610860756
-3.9690496467885676 3.0527714122936302
-3.1862435571436443 4.334243461741105
6.899617125444472 -2.797906576318356
9.942575900083458 -9.394105845516707
6.321726766705133 -4.727521835313809
9.899905467343842 8.160202650343933
-8.83460720635475 4.376030769424158
10 8
9.047447682863591 -5.016507230350358 -7.48433392837244 -2.6648999583308353 -1.2098535607097531 1.3387389942482173 -6.920921392086903 -5.542975931198926
-3.6119416381227554 4.212273720782051 -0.25714326041521574 -2.3624649069814607 -9.240142013791896 3.9084231547330788 7.211596668923711 -7.641172981935034
-6.078829359736702 -3.95771552928432 -3.28236103914964 4.72295197391694 -3.677679147613169 -6.005428243848758 2.514597127711058 4.196841192884278
-9.768936964644354 -6.0330038001393245 7.431977787477901 -7.436791831253984 -8.5724343846711 -7.548084386686842 2.5849285597453324 -6.395648954222506
1.4750550890801488 5.4981720818454765 4.422729724518707 8.463482499068885 3.156401319174959 1.1999358878763182 -8.348012609082494 3.1597410288965726
7.928401153162518 -4.1170428733712665 2.365770652409921 2.8289689305551455 0.5123528657922272 -8.113468285564654 3.031895654358131 -7.604303647213236
-8.133512724108993 -9.132190004203615 2.00037476174672 -1.5206213545034082 -5.299436993575117 3.844877720610631 7.557621174507737 -5.640607829127253
8.310119992244768 3.686705682336246 -8.287164433909835 5.151890584909591 -2.8714093927684576 7.4700958392375085 6.67517059421052 -9.512749971014667
1.7757148175133164 1.7570748119609743 8.42213102983973 -2.5083261145930225 -7.18807550943767 -8.850130984215237 2.2834968746976614 0.7803888687108156
-6.3380466053740925 1.8499222348379956 -5.244845904595725 9.839401163207093 6.685968551931566 3.532550370098802 8.26795503220119 -0.8904878931084212
8 2
6.752733663725216 -4.135566594228219
-7.779159094000844 6.166731099884643
-9.769040670300665 -2.998229519520761
-5.627556478399267 -8.771257911347288
7.737659412026343 -7.49860701620918
-2.1929893882410116 6.557951776278173
-3.2639697168710358 -0.9508094076050853
-8.581855186765532 -8.281756210443556
10 2
1.4077636517201348 7.05811855390078
0.4132353414529142 -5.442386453747012
-9.421783489476823 -5.481446507336769
-7.0542759538856785 -4.312199141120376
-4.5013020156505945 0.11762473108275628
-8.708222686812073 3.9300164590881295
-4.643535814458231 5.985746667911178
-1.4938839727466924 -4.555736296168098
-8.28487159914529 8.658856587908762
0.9017677743246271 -6.961878209954914
10 1
5.344169117360982
-4.498929368335469
-0.11763002746921458
5.132063403044683
8.499288293030268
7.1056070002266445
3.05887112946972
6.9005878497633155
-9.01497984744016
-9.121513737219084
1 2
9.731914076268616 -9.54329279940012
10 2
3.0561144729429106 -8.680135941077857
0.4236956541350452 4.619825549937682
2.506756207661285 3.6817876569358248
3.6148181062873093 4.883251200573335
4.512159839792076 5.305811814927917
5.5982785439035165 1.8925416210922403
-4.302033879930123 -0.6211888371010126
-5.024721318283769 2.257936170951126
-6.922615051582799 -0.9361630924911104
-2.181294151610338 -6.57365014903217
10 3
-8.764334851712155 4.010703526042057 -9.01868252497671
-5.575492523792594 -5.433993255233826 -4.7362213818068994
-0.7324904516044981 -5.685902112227663 -9.281887036040787
8.637448494193958 5.440420572666103 -4.772739086569162
9.546839600022324 -0.12930940149861136 -5.921331575063613
-0.7500228543755867 6.79737431231651 -2.5234576234930657
6.957453695043284 7.582397429925592 2.1439984980096547
5.6281101271148195 1.762174186556324 -2.377418306841646
8.774351046569954 -4.978224661695458 -9.4946454153505
4.4169131115218825 6.450388577294401 -5.896053520829008
3 9
-6.475924114986384 -1.829493205356398 3.8388757825061486 -4.401350717179271 3.0042045021771298 -1.0315017140995195 -3.381301469464397 -6.206177191104478 5.340852979182349
-5.732209880363442 -1.645067193567657 -2.1588342349587952 -8.455475186472945 -4.523694075813427 7.664449887779067 2.5645309042098425 -1.8239551794077045 9.93896551436833
9.935543010315445 -9.096411093901915 -3.3556548990376456 -7.902489442485539 5.1841388446263394 5.94525243419392 3.115963514240141 3.8421962865535715 -5.861542243377698
9 6
0.4503889966319292 -6.998019441863761 9.391035989654647 -0.6690062702727122 0.5660353830635874 -2.7073869067843574
-3.258587456318283 5.823036253550152 2.143161144010172 5.560984072243434 -5.3633578287754435 2.1163086827083877
-7.530504221789476 -2.292395343394964 0.812877343137961 6.919952797193684 -8.918695885772237 -0.12234931215857969
-4.490486634435047 5.297316231250001 -7.853026076648817 -7.42406144280316 -6.140616295225008 6.733909196122273
6.343018209235133 6.968445981998819 -9.142707940280111 4.14147208043598 7.099702294781423 1.6586205403256429
-8.768848662933879 -0.9010518411458701 8.818674190762241 -6.090798157096531 -1.2424974885668263 5.8366768619695275
-0.8531783191511355 -3.560078211558528 3.422924060231633 -5.962838051881032 0.3563304389670918 -9.38668605268871
-0.15668812514021724 2.935637059099598 8.721946441857135 -4.036041407779846 -3.5075920051319347 -3.8484024506934444
9.042291873009802 -2.3376691666653437 8.94618630373838 2.8686515569053803 5.052122716345535 7.772323460536715
6 2
-5.686366069815094 -5.764101434365627
2.905549790642098 -6.396462417674473
-9.938596685401407 6.932678122205147
-4.259779371386461 -7.962612490329812
6.634588803695852 1.5418366350399886
-0.40091227793066864 -8.162976672741976
10 2
-8.538446931388105 -0.34350908399885327
-7.822139683921636 -2.200088245637845
-2.1655175012476207 -6.498004624211959
-7.346982209299783 8.565605110768363
-9.623417839078556 4.099678147486944
7.16256785833145 -2.1238956558192212
-9.827446160285167 -3.5563616340889475
-8.675416126875051 -1.4009626883322568
3.1626477322031334 5.29483162430062
8.264130348704832 -4.2975281663106735
10 2
4.93419358582436 5.146361627165611
1.544428686584025 9.928432507782333
2.416637900145634 -6.5811885445365625
0.43945064565527403 8.8973459207674
2.636334267918709 4.184674661937242
-9.642265323631026 -4.746061761378759
-4.675181428706729 -8.937781229504544
6.536150966509613 -3.8771989748083246
-5.214599726429887 -9.969397489489559
-9.712220190371912 9.308120939847065
10 4
-3.0481498811634538 5.099943492982328 7.966739543398415 -0.36263688289747975
-5.154178611583136 -1.4847848336341336 1.8426568272821253 7.107382559412258
-6.211454969906871 -8.295482676181072 5.270525918369744 5.327482597222302
-2.721120650983755 -4.222496679665926 3.548053194196328 -1.5991618479996887
-8.903171452535023 0.18613546830485994 -6.894396194430605 6.512712800736157
9.420403290489226 -7.502014964682509 4.1197733083520305 -5.147321635187804
-4.730795906645056 -8.383082219259176 4.45323373139699 -8.150549340683018
-0.3104670733488941 -8.276031654957201 0.06372115786069621 -9.463764547415598
-1.8821623228002764 -1.8138305536775157 -8.253333399679267 4.197633866596659
-7.479230878772323 4.767008341485116 0.6314237880198288 8.234349078652563
4 2
6.592017524354926 9.60959340409508
8.702244666410401 -7.330995264601654
3.523360009282456 9.421701115903222
7.628808403025996 8.067575892231932
10 2
2.3321869389840604 9.444115960735772
1.8935753506120108 5.888227232061203
-6.888714169650441 9.549561289375127
1.9488196956700392 4.249692222872332
-5.3045339644833795 -6.736811129090123
9.579291763609046 -3.3599779222246067
-7.980328187216765 5.49638969877406
4.145322794530406 -4.7071784309901705
7.520990268123562 6.982508970390839
-9.471721803914148 8.679833724272331
10 2
4.971649494716592 6.586220477990217
9.37498546299598 7.348851963466579
-4.383599715678446 3.0614608484429233
3.8385920449802935 3.4582141320690436
-0.13244347529231604 2.4847720507722535
-0.525106853069131 6.436478028434728
9.84860780470406 3.268332798198836
-5.58064613788985 -3.349200003005695
6.348494285104557 7.088649385166477
-4.836532637677244 7.132240895575819
10 2
-7.2705539249399305 -7.323668286593577
8.766567689170692 -4.781095246611146
-8.188338480377515 8.532425020858017
-8.913009140880652 6.620682591344494
-4.911830488245277 -2.433983298138667
3.2229653173253308 7.841671009006063
-7.656246677589622 -9.658134040757583
9.579835077507674 -5.01669564742034
-6.832609753710681 9.299560192888737
9.894653340341847 -8.938093717036717
10 2
-2.918166304310823 -3.69696787386909
5.459476240656318 2.586447491865016
-3.7394553362418614 4.014221093635559
-9.957491427282164 -1.6021159271533705
6.39701572408152 -2.2747101356414667
-0.746202529119163 -3.8052577922855946
-4.526399711653206 3.3587024991247905
2.8710184372562892 6.158573420837168
9.369566433872379 4.084542659452898
-7.1326929284307035 -9.482993625635654
2 6
7.324757761712263 -7.67632542140638 -5.263715019721909 4.030682026737168 -0.12370421953633937 -2.640699240153026
-0.5342962926364052 1.5742345070191188 -0.4044877763740313 -4.390187967328569 9.19820366796155 -7.23803193232706
6 5
6.2858108477703425 -3.1180629673661535 -0.3779495886072919 8.595391254296494 -3.198919195098
-0.7098603546442472 -3.614081131963691 -3.193045037758033 0.7358055614837671 8.541130002723005
7.254302237677127 -8.632235393546345 0.1758921653692056 -6.2983509917235985 9.862475876881227
-5.4590427748715715 8.216911093263107 -1.2539358469183632 -9.025718669733777 4.289664006712501
2.9882837703788656 -3.647987448443251 8.809162014878638 7.822587428417787 -4.336366964675502
-3.8194624048059485 9.718390276919042 1.132221302487018 2.470936657133775 0.057628120329267674
5 2
-2.251926011806975 8.834278603165433
6.945347646780519 -5.9915417782344775
-6.123838204279181 -1.6005579049750356
2.6403986149625407 -6.480294614002629
1.8313967388921526 -1.1047279497602034
10 2
9.00667468448323 4.913741212821652
4.344846963719737 -3.458793292402829
6.088945797014162 -5.2873777790451975
0.5967901252701289 -0.5889000029011413
-2.399364197609697 0.36607543963008027
5.644407665742648 -9.166612830612777
-2.037177600469735 9.32999006226241
-6.5127928041082495 -4.857826806952888
-9.212458392518219 -6.756387666038924
-6.289767116438014 1.3373898970070623
10 2
5.963027054563426 -7.503351181667219
2.325676573264504 -3.8146870716397547
-3.06926091073608 8.72540557951266
-1.4568208308775148 -4.430150815244385
1.587490572888635 -8.354658056661169
8.779021175417764 -6.532939761446226
-8.964759540248677 -8.382406967648864
6.04437779459046 8.991332565455465
-4.872899146317011 2.8254910485691695
-4.436591940672638 -1.409750972543426
10 2
0.2184326087213524 -6.775376162398253
-1.861284477065281 9.152824634674904
8.64255562107694 -1.6307147081497675
-1.3356706362105797 -7.826882161567868
0.003984244146115756 -2.3380340346986417
1.747565150610006 -3.263670801928395
3.9757707315239124 4.153835813686648
-0.23307220065683687 7.78231643231511
-7.213817822246888 0.23837958175819196
1.4957030670433387 6.677916868880544
10 2
-2.3650381653372454 -6.401099548764666
2.8375621324871325 -3.3667108827874586
-0.04393706697246991 -6.907488850680561
9.170798446411212 -7.299712330699704
-8.170417155825698 -3.864897908007478
1.0508841939430162 -5.333405355900618
8.476579027633658 4.569121253284907
9.199768555479437 3.8677228328387514
1.6749329706309357 -4.073420248654644
-0.5556860514381334 -8.752992429317851
10 5
9.411367343667525 4.70178470977654 1.7340429588494075 1.2231086501535682 -7.06105384586998
-3.0751677942094773 -8.794568167439365 4.714587213960833 -9.2719674252657 7.4225681246486666
1.4047435826040413 8.85349005838216 9.958890526443703 1.7131423892020656 -4.6562136647005925
-6.9118626220034045 1.0839998791854661 -8.088101825742534 -1.3148330728059658 2.853891368416832
-7.12411939591443 -6.828196579603498 -4.42093076732035 -0.8800732037945114 -1.2723751206261174
0.6166873616003805 4.426828143948731 0.9495540916434564 2.6817526474317113 -1.2717204053400355
-6.163901699987894 -0.24726241795379522 -8.946764690302142 6.578231597021723 6.087887982981076
-2.8964610972913096 8.923124107536488 9.609520443912743 -2.6551063740778176 4.614705999139197
7.245937711217081 7.675357706020598 7.775715843019356 -4.000334115718511 -8.12284243840879
-0.660839860740289 5.471530338424802 7.592336103214418 -5.269214804312896 3.8317683510195124
5 3
-8.661578084599626 -1.8222176309324016 1.436285588505232
9.317709339531383 -1.6317843966125665 6.305712449708054
-4.326651459465762 7.847481940768816 -5.281555192854583
3.4736559961988682 -1.4326895695243298 -6.794172425373935
1.092764218102804 2.677646837027222 2.8428840431145446
3 2
0.808840050003079 -6.694411214488689
2.1142935102804667 1.3114688025197871
-6.425423237199208 8.833300099576299
10 10
1.9519815271049161 5.595821742047667 -8.543740472132278 6.371403081463516 -2.3180835008595757 -5.983379398590984 4.714601584288886 -5.824369826117868 8.357833753273944 -1.1636649356105195
7.955587715150848 -8.40661457131536 -4.472623467646795 -2.7258684524023487 -0.7874496654884808 -2.8186541668084164 5.5249321787757815 -8.477290042241703 0.1851719805158467 5.791896905517454
2.7512505912404546 -9.694815958098522 -2.373699905271323 2.9727643041135448 -9.0769713062002 -0.34980232776717735 1.7016166975607945 -5.783403612056364 -6.932404367304734 -3.642496772748089
-3.1524165574482694 -5.4606225065935154 2.45453520090685 0.32561588827502597 4.3374121186832575 3.1155675718977918 0.7045850631751467 -8.92135308296454 -1.0573690772523392 -1.3546921569153714
-3.14162976314803 -9.03331061386763 -3.863166354582088 8.285302525686081 -2.7385800707498253 -7.804848978475201 7.951093158764287 3.1207392855375247 7.332587068587888 1.2941108795441263
0.36393486643863504 -1.9687126467624072 -3.865094286355819 -4.200608969097215 -0.6312610016007767 -7.337561157632784 -9.78712898671968 -5.339060681196228 0.8365238255232548 2.0229901244577615
5.547484829239719 2.774236554176028 -0.9458162726136123 -0.4191860182237299 -2.4062777339835906 -9.77417785890633 2.4835984820614616 7.777098853600137 -5.204532174572254 0.3856333492415853
7.293615151974386 -4.129591345822496 -2.4843353627300147 -7.105406827036152 -1.1666296682647648 2.7345907149824615 -9.105809533963425 6.793514264285935 -4.764678045742787 3.2711517482803725
-0.45325049096133796 3.874106601767398 -9.141488295438284 -1.767690658850885 -8.333060648492957 -8.013912245626587 6.423365974199374 -2.807526321260994 -8.037573743030999 7.837024697494389
3.8248753133231226 -5.664771311310464 2.712723399514015 1.5325587995444252 -9.203642102580966 5.970486690261531 0.1047625589060246 -5.2608836153979155 9.462222341606406 5.744593423296598
10 2
8.337750068850529 2.3887075470333166
-1.8314858802503409 -9.779143207456336
3.7935305680276006 -4.061258831000396
-3.1041587844357448 5.631481055549429
-1.5559371876052719 3.320078571516289
6.447121010417366 -8.158735583987669
-1.1889951374402195 -2.1390401005564286
9.705342647220625 7.462792491405292
-9.436612136918008 8.763359724452904
7.0484872283823385 -4.945915761617727
10 2
8.775604093588719 6.354500568753277
-3.165813122392038 -7.046346532257683
1.146254211635032 3.8905893011461963
-3.913908939722943 -2.640133916623415
-5.754769086192823 7.461290019182275
6.160274118854254 7.872383870647447
-2.0246616084752773 -0.38851934818139355
3.206213228076159 1.1586199251098357
-5.980966956771456 0.25011304671831525
8.734136361548646 -4.649028981421186
10 2
-9.543497329113759 -9.552793773542085
1.0136330299639837 3.6744892245033256
1.5603716382448773 -3.20292393862454
-7.398908298763256 -0.45760047172761276
-2.461200359402733 0.24928662554192904
-8.748025675838973 -9.096432255001874
-8.184300554404073 9.851185473476324
-5.398773289955736 8.547372043966572
0.6329145622823518 0.16632893512279168
6.895807266348207 2.292502488225532
2 2
-9.651406059017225 9.256293496400318
6.754792657427757 4.04749186850448
10 2
-2.404863100355099 1.9296689040309118
1.9628761631020346 8.072746997262286
-1.7478782953224226 -7.5258617660619525
-0.1606919824625468 9.689987921193758
-3.047559840241605 -8.177833208868782
-1.962762519971621 -7.829130868783345
-7.572969677090362 -8.230122832560088
-1.6497162536283874 3.1504819923214082
-9.677981119327645 3.1530698376958792
-0.16025691026681343 -5.429359061847334
10 2
-3.5226844392817096 6.494124714877547
5.396691997733132 -5.313776945322022
-3.8664502831725915 5.834552239131041
-1.7025044810513315 -9.465049128668785
9.130556767125306 6.9183261086638765
-5.21953513521018 2.022239564870535
-1.026623726388653 8.51960655201717
5.615751534012642 -3.8205923034407396
-5.9817550716940975 7.786917331709866
5.568782737575118 3.6341565757957603
10 2
-5.483262301829308 4.680702718081275
-8.417455722626395 -8.142319019121313
9.372938521707905 4.113779093633184
-4.326054859675546 -3.730259920581127
-4.913034578626087 1.75323187563799
1.8991546245452113 5.209894961061128
8.192688766054388 3.5326898106810294
-6.999096886129594 -6.330547410036214
-5.1268731894595625 5.914991309136859
1.0631359589023575 -2.7264050203757755
10 2
-4.365327507979357 7.96063893701389
4.028945833749491 8.906607971239595
1.3592443958631009 -3.4009791295892233
4.413965786276519 3.885636583449907
-5.990393519322826 -2.414493914903595
-8.018915967798222 0.26164303184769544
-3.8769890511598977 -9.705783597751035
0.3762284225777517 9.593032615376636
3.0779609014882396 -6.522493290291074
-8.618695411763229 2.157904245055626
10 2
-9.198348554435293 -6.636456414019946
9.85410307869936 -0.6961693717863398
-4.976827774092989 -7.094338982308523
4.171085660647762 7.3507735920929065
7.3004596424352215 1.3545690013107468
-2.589205904372176 -6.735099680818077
-1.3475082352595074 5.054548855236964
3.3260927492377785 1.076936221048486
-2.064684263116325 -9.187194321604526
5.145719929336842 8.210747555831691
