-2.4512843853380666
9.867865427060668
-8.481342812806826
1.641653549822939
6.442484522459495
-4.862123563112624
-5.071735076367833
4.84525960920012
3.5320776292670573
-3.236801342034723
5.9449049192604235
1.1581867191556086
-5.756476606725702
6.82204315454651
-9.36020716250766
5.587584385920049
-3.9325048762550026
-6.170291668889458
-8.326811505615119
4.3540040766307655
4.146769668796255
-8.316207493147413
2.914904358436017
6.081054772566741
-4.942256803274545
4.4047337294565025
-9.626360560950072
1.9188568942604771
5.476355395486783
0.4575857140203681
8.640920692171356
-2.30719346170771
7.559901721998568
-1.3791959796701079
8.830643078667777
-0.1768633980417551
8.331198273121146
6.492290961620128
-8.512240771235193
-3.8177183197083693
-5.123752251322095
7.030400854170669
2.8272513959128744
-5.425811708840684
0.341072338180906
6.078256524091049
8.153952098060152
8.140428760088493
-1.974146152055173
-1.287941556457607
4.386732281001164
3.760664887771492
8.9362305845688
2.2978947387090827
-5.27750039858158
-0.5691751923214827
3.4404927913530496
-6.488166087967572
-0.7995580233786121
-2.301601699526314
2.6888801500396404
-6.195695796845799
-5.68761222588043
1.1988764000085723
-8.923938135341775
2.694703558308543
9.986178692757882
6.279435464712108
6.11184029841953
-3.9539074893834725
6.468264129057047
-5.8937841738167185
9.825494629836694
6.837036611270019
-5.582665993647769
5.447739051824298
-1.970289428597292
1.728380645029656
9.939191630216964
9.342024620766434
2.9677768546005403
2.956879609661975
-2.366624970018343
-8.648360026813421
6.009810550158029
0.8906946511675695
4.006284409833125
-3.4704580924051935
2.5883839315037243
6.061744281214871
-5.995356698090728
7.766725614324265
-1.0810910784103136
-3.474616781219879
-7.4314490444054515
-0.13487353612991804
9.042504366785817
5.843445276302981
6.67093334782599
-3.6147655655583932
-0.22138317641071126
-4.8091978577347705
1.3420423997476778
-5.686810241262544
-9.761714619888284
-7.9858227346012445
9.793617263346427
3.831837620798863
1.4882847523067344
7.0432426531277486
-6.459859069427509
-5.306075653746623
0.030784036992654862
9.79530894059695
2.2045703340678635
-2.205925729813152
4.726732943407381
8.289592985020821
8.45102776571554
-6.037486485296862
-2.414964172291201
5.804589043810502
-0.3077224048883913
7.199821618286869
-1.887247996143751
9.059158714098881
-0.8074064835865755
-5.823290695812462
-7.133405205985666
-4.055458901163947
-9.940894957837026
2.968730014959302
0.22646982062496335
-7.127859562519367
4.1342259543485955
6.130202064306243
-8.665432156093779
0.08978433239504646
3.777213231689183
-9.806071673462588
0.03086540482022926
-9.907501549909533
2.912574248754547
-2.1010822115041305
5.978240957323937
2.9083280479531055
0.004531413492994574
4.004932924978695
2.756938647407285
3.2896688464288104
-3.8740621539086817
2.0621891673004598
-3.6616825155986295
-3.154385752721643
-8.954825397078901
-5.940746071080318
-5.185161441028616
-1.6806483544184108
1.0628845361945576
-0.11650323194134948
0.03791375917868933
9.702024459885948
4.870509589891279
4.118013245346678
3.7424671740761717
0.7931677001033997
-9.58345484065024
-5.311169040617838
-2.9666872231821344
-4.100541637447019
3.506390423321763
7.679128250601305
6.40573984165648
-5.61907775776969
-4.337128517005661
-3.2509877073115057
-4.483795805367709
-5.959824042494732
-3.394151429775092
-4.489570814056158
-1.6597299603585025
7.303150857835007
7.89008566318369
6.29715926040539
0.29275116711566085
-3.9024002505992854
9.641487719260734
-3.645529142650073
-2.166696501968259
4.4500376302309075
-5.4591141460473285
-5.067421352380066
0.9877891640523941
-0.5249114940807527
-9.500887707714991
-0.6767998464955873
1.4606614340671182
4.569643792787501
0.956396272198635
3.8807505982375563
0.1869828078463005
0.374778201001817
-6.351737767937884
3.440009898194859
4.803717045354524
8.65126042478446
4.478928613306492
5.056348770584563
-3.595378152594031
0.8346744593983324
3.2920270148618407
-6.679832907747345
-3.6826448384905657
0.2587339171985761
-0.9634224440897441
6.282400944536551
2.3018247970709194
4.09330016779462
-2.0656898364673726
-8.734157660416024
7.777098178854722
0.35289896615913463
6.708256274372271
-5.327056012118472
-2.592847388952224
-2.861221597497079
-5.054612207499254
-7.160049499774606
-1.4906326272033645
6.821461763975442
-8.783398643051521
6.982981836037851
5.700102296890261
-8.024077780475295
0.20094971739271372
7.119452169686468
-6.552389078579757
0.7979487786716497
2.0042652124628884
0.08131247649877338
-8.872368547222818
7.127315292438151
-6.756845470698691
8.612152350866179
-4.159527020811544
-0.6882775981869571
-3.0568092112208767
6.519717399535985
-8.973229161167481
2.5960704550571734
-5.698946701029238
6.456992263642764
1.2563137727874434
-6.5915508684316855
5.149787405240506
-3.2793922543078313
3.5151188909522766
7.490490042207604
3.8114436547377935
-4.512604725059859
-4.240671234962015
4.0506739284104025
-0.7860071063385465
-5.257276106316122
5.108786209563746
-4.731074462115396
-5.565401849994247
-7.331021361920815
5.827445806665546
4.899520503984224
-8.182529402475557
7.536458718389461
3.6958548438826444
4.583043310945305
-2.5704155863066136
-4.525893289235949
1.2197942002760662
2.1248379807464666
1.4623250849149567
3.5024626162310355
2.7678485659207492
-3.9590760492181154
-1.4033802960648973
-9.103896054480387
1.599556282494932
-1.827467372741964
-6.567108267800956
6.844524333008451
-5.946789141867983
8.910663785326495
-7.232767227758932
-6.2020661432916
-2.987365748600399
2.3152283304389005
-1.5373123164464015
-9.348068190886371
-3.617941473024519
1.574542241562085
6.051049968799191
-4.004966989493422
-2.1278499283408188
-2.67919760204141
-0.29633192131046826
-5.1240775699099235
-0.22689806422368264
-7.952947613972709
7.403445808175867
-1.4178393456366596
-3.2691778199996424
-9.463166851822356
-0.6800819242494942
-0.07657095505129519
0.6230742406801077
-6.496953730613719
-5.741769842497487
-3.6750024134374204
6.632072759863572
9.137423677598111
2.5641669861153265
-1.2299595796629603
-6.621791001095438
-2.06167433439159
-1.7991260096067148
0.08636313924369965
-5.115597708489183
8.976267082334406
-8.664019402306808
-0.10913102163856259
7.017673543563106
4.790500384102927
2.7659913868737043
-2.314636636327516
2.7092332218549906
-8.481994103164745
-1.4292558609256112
-0.7392814518715944
8.942377986484459
4.515692170899037
7.893084485777372
8.320421983311267
7.669780417961725
2.75336233047061
4.950192339194539
0.3666803509762939
-2.6639893172639244
-9.759367641972483
-1.7880136795636403
7.894255342061779
-7.564342947746077
7.161461318397151
-2.6028916337564585
0.08345791966926974
1.1330083015710528
8.764990372140769
-6.782374274091767
-0.8347186992652667
4.21115369760151
7.105332885945714
0.5349565855722744
-3.9137438158500526
3.1985516706427948
-0.7612653485172203
9.993328171145283
-9.991940188545506
-0.2780973765181187
6.623771405109235
-5.37300763008046
3.826188557553836
-2.9822572760391015
5.96499210998946
2.905812459455422
-0.32371227559198523
5.09470287080741
1.0287758515513357
4.962190281547462
-1.1392062605072688
0.07080834366341193
-8.236163491742204
-9.273749011335767
8.471068454918989
-6.419772941883657
-6.995737890364715
-3.3393907758025936
-1.3819973703476656
6.272042427092249
1.8336247717642866
0.15095649002091704
-6.455308490889474
2.8139765656005373
2.8765732849026637
-4.414250657171042
7.020545328157709
-5.855066629804333
-6.334082595893273
1.6007548339665547
-7.544694375470485
-5.246546617888996
-3.9600569712736178
4.784316913196161
7.180779090073571
