8.847147274345694
-8.933296618099106
-6.253996412690663
-6.655252749245763
8.453860628797127
-2.1008185683295117
-2.1550117776696
5.43232887251847
9.596092234423999
-3.4556438014996687
1.340961815373225
-9.53744215926818
-2.272000854263478
3.8431203192353696
1.096320499903726
6.632169968765982
-7.581152507590239
-5.544271562061409
5.304342247985005
7.636886591898367
-0.9563577635896277
-9.782911089764264
-4.465897264640512
3.8709640521041635
7.7700370263776435
-3.3358252358679286
6.60058086273127
8.403900488283401
8.064463038066709
0.7868610058804055
4.769475153697941
3.9665681946695983
9.735705757909372
1.8400431913815307
3.5552995082824257
3.165874475685886
-9.622433214331974
-6.595700075466353
4.398629981345003
1.4628456464042312
