-6.3775368626875935
4.85802306273149
-3.575563211707604
7.2389227880740705
4.197955198207859
4.453625209957615
-0.839623430157312
7.023374662831117
-9.260998298471435
1.0188805731064594
-0.9493780011341251
6.137418873745677
-1.3295532522240414
8.373221068978655
6.947971326864529
-2.1467054973858897
-8.543533027210309
-0.7487243148870881
1.2458592472383518
5.140488137948157
-5.4746669197819315
4.004878100130449
-7.87008537405187
-6.908790100347519
0.34258218292902143
7.260487436286894
6.8259505326353285
-8.321389269132773
-8.508154183953142
4.782826308990344
