14 14
8.314329349574042 -0.08632401587145999 1.5111577293398977 -4.191119389270364 -6.336194560555772 8.94060089447045 -2.964708939342364 6.1578553916816645 0.4635033756423663 -2.0758786720477174 -1.3491404367827524 -1.6025235555259805 -1.0818952549730998 3.122248677859421
-5.315369212301826 -5.354845268024748 -0.2876830533574992 -7.856778218962912 -7.550415010041258 -1.7911145667187256 6.295463952092209 -7.1265519792386645 -3.4500228634135404 -2.658686661910899 0.5455540752283987 7.909629162959728 1.5420290241082988 -1.1093818317518256
-3.024015788332621 -0.35467990903360835 7.436068163950324 -6.694271685899502 3.7491212462838632 -3.42371435739733 -2.268794211156699 8.969314249382457 8.355876248324677 4.560626328783039 -9.3611377556093 -8.378220838379224 -7.021087618196702 4.370753010092006
1.9356795372986308 -3.0607360153603818 -8.563350047400197 6.592496182809491 3.3768995633939625 -8.2017325219554 9.913268014244736 -4.3043845918062225 -5.544379315180943 -9.714245747771786 3.4197688410077536 4.242372305433495 8.814590911747807 -2.8973345333498184
1.3667111920102126 -2.854106510399248 9.742507286096036 6.221399396446575 5.394634216203293 -6.41174964391904 -1.3641745185474292 -3.078341688949817 -1.8286687989164854 -8.552663271542452 -3.455733091673377 9.935817637575798 6.125653823507214 -2.9353775124563803
9.769388496840342 6.353710863210079 -1.9270717456163755 -8.954332489267573 -8.433519118543893 -8.355742352451298 3.1754807658524005 6.227493006352777 -0.25871683914973964 9.460190859048186 -5.667475423712769 -8.44110281116512 5.791523671613604 2.98835316380908
-0.47674629911764477 -3.9678976987605896 2.7860976861456717 -3.4086242773986353 3.2418078541262254 -3.910899560380905 8.925860399785211 -0.04868061255785605 0.30370099972107667 -8.848181545603058 5.18294919694757 5.9110951587793785 -8.252940284845259 5.299606794307355
-6.57307560375588 -8.145857137093364 -8.11445817296417 -0.5289774071674263 -8.431172530946187 -7.343761847203809 -4.070029361780822 0.7155016415533737 -2.7496295844753433 -0.9166378305588037 9.361068539741861 -3.9790985319894485 -6.189860062749943 3.487774507294379
7.249203864505237 3.044970629551681 0.8648788374695222 -8.696873084859153 3.4974292643339275 5.922687351558819 5.697720196614009 4.229439424892121 1.173070307556829 -9.674510153495978 4.257914583753022 7.70314277852545 9.5265893850518 7.105068869168928
-7.616758102144154 -8.767317380207555 -1.4338668629397144 -9.726070461098484 -9.331298166614568 9.168020962700147 6.906912134090916 8.537003976545062 -1.3060827731179092 -3.7796912059073655 3.561281611835021 -5.042720200681911 -9.964275536390288 -1.4120046874693166
4.41657819753547 4.953329163920678 8.892498939924632 -8.039408167852589 -1.7127738166492144 -9.00911669339127 4.568512796137236 5.125819220999954 -9.115924509559596 9.863097639973937 -9.796124100418918 -8.265417605472754 -2.0029076010956848 -9.291716866834319
6.432634579813335 8.547774915542185 -2.199276401443626 -7.392594052300813 3.8317245661055015 8.893011643989986 -1.984141582820163 -3.06008835757575 3.119258072069206 8.021980595269262 -4.4285144474685545 -8.1680903403816 9.61079445426206 -2.3522134052178227
3.165320475457076 2.20590002911476 9.387002457360133 8.171999687320934 5.197363872526502 -2.2320647514042964 7.109171739282253 2.0888698432280695 -1.136940078240272 5.61393706296437 5.955635315719462 5.464153616674254 -1.2699626323327706 4.93611508513704
0.3213774324634109 -4.376712329534465 6.725917906125172 9.006096473649507 -8.289306621762101 8.088656982678451 -8.079000212780711 -4.462873253056097 -2.5570932212704474 1.1471698382514202 4.298002302811433 -0.4103169205106241 0.9669361984237401 3.8838381847655885
14 14
3.2812724046420527 -9.69122994252194 -1.701207049264248 -4.946674651960558 -0.6698434734797409 9.420420069191607 -5.493631950802975 3.9548690290792976 6.305623838565296 6.721947965677398 -0.4083869696258873 0.15309880654138297 6.488928125779175 5.95391807342634
-1.9261584682750374 1.525261911904206 -0.21088565623497324 5.5814141309653404 6.0097528987659565 3.789318729232088 -6.620676559102079 -7.293415232401214 7.705461558402234 9.840015915955863 1.6553776752289924 2.9131053134707425 9.959985492388924 -5.948311299939537
0.35441007220138765 2.093245590646884 -8.855741977166534 -0.8646799197455017 -2.804347919841046 -5.314915126611628 -0.8170965606958358 -9.18638968126082 6.098003066212527 -9.47233976495051 -7.489274770698993 -2.4868345757158377 4.241343745609008 4.719468841376218
-0.7638753145019486 -3.236854003863554 3.8980986091835383 -6.059794376810233 4.434790049772781 -7.171608649190125 9.214933209631017 -8.371437280825035 -3.146425025599358 5.822408156308974 8.463143412942443 -4.577987778354147 7.647785685619908 5.236199250591017
8.952239978451932 8.102040037367992 -6.561483969606822 8.417647163709141 1.55079881243865 -0.544871199875054 -2.1077405899656165 0.3744519111587117 -9.041173493135764 -5.938565546896351 -5.462947027219496 -5.553151345362368 -5.09494262736546 9.844595178825717
-5.890639437798435 5.305131842942519 1.7867451679860267 5.70062735723967 3.1188473525397455 -2.716152931728457 -7.868269069089342 -0.3993570107989086 -0.7689590316299615 5.952156284206184 -0.7682634940922135 -6.365683210621054 -6.987177622002118 -7.161504333414599
7.390088763401867 -9.422534936975108 -4.778212435057039 4.192857932576189 4.210016868756515 -9.643062432711266 4.553800376386711 -9.117139877790565 4.528072690327644 -4.149819311321776 4.648734570135247 -8.638961637735921 4.50614235678068 3.713607051625395
6.501437265684459 5.220269416941569 -2.8949815919678956 -1.0638271814142364 -6.594140913429363 -5.116920732692076 -4.784444233127044 -0.11306972384358716 -3.391554871076467 7.304683757681584 7.047737621774676 -8.130425509844823 1.6725776009312536 3.4528246201633177
-1.9086778072104966 -1.735969449576423 -8.04093218287205 -1.561871693568424 -4.606407428273829 -3.360600301469699 2.7066747881949915 9.24539355988873 -3.9309623529221422 2.208226563084221 -7.912850903318427 -9.056504881613874 1.025402122839667 2.383463659351513
8.37050187639225 0.6042439628916512 5.422048995255857 6.632828343481723 3.5301551851948894 7.054660042256248 -9.729620563867217 1.9711188515852491 -7.884505282550352 -2.20662210165937 -7.5861390382016625 -4.353521508814026 -4.421177406567618 -1.8043867511054437
5.941200463018582 -1.251063538251799 -2.128303003926173 -8.461400243725258 4.230873477617244 8.574899643388392 6.2579538027752335 1.7857883396524734 6.356093717998274 -2.2622412821385662 7.698935973149716 2.4276014034355793 9.111068408633734 3.7624344142680126
-8.518473385455078 -8.853853467009465 -1.0003255628012742 -0.5888020312058106 9.76010290989429 0.5254365716933957 2.6804068339150184 2.6787404763346405 3.7167171429497614 4.504321353510823 -3.986413518809351 -0.7670356735282446 4.522679683625926 2.778770555002218
-6.319179684681626 1.2981864395578313 9.099619010594783 -1.0085540312393437 -7.67504287600012 4.640133408069765 4.840508107765022 0.9952491050499468 9.57262231169053 -7.38193026046514 3.653918915901812 -2.847980695121417 -2.6111537802985545 2.135250035679519
8.78636134061319 7.627698222107835 8.986337831505924 -1.104634969676983 -2.7581115394120914 -3.4258776975526413 7.2142833041601335 -9.988602063589543 4.372360553041757 5.211224218522624 -8.546326539962507 -0.6845668562876899 -3.1966153472738235 -8.923650587395787
14 14
9.528372656755412 -5.710183839780216 7.131823347761433 -0.08504358562151104 -5.115474298867923 -4.59156435361094 -6.396418338399624 -9.958418283484832 7.595081607414194 0.9712270246946488 -3.0280803002892487 -8.43733331740519 -3.392904321226034 9.16386422585246
-8.862363550005707 7.240369894543356 6.987735472797809 -4.83340613516563 4.040692989635419 4.417262652736859 -6.46034796162837 5.188466120088391 0.7459388748383269 6.970875399888829 -1.7093084680031723 5.487281298136892 -0.506243760198533 -5.943233735091646
4.799966358586678 9.005541497844451 -1.6508625069213352 -7.83106623620347 8.122961444216529 -9.124410495893374 -1.5232859655850426 2.922921283306561 6.210507550070272 1.5154560297499415 -7.924533543257006 -8.520742683018039 5.1968778493997405 -3.028186094651584
-4.24046613257204 4.39266376669808 7.922521550981763 7.941873030181483 8.78354854314874 5.300852044368732 -8.692432649462065 3.7598684497611234 -1.616152078106163 7.312332778233113 7.293599145865365 9.680078924181895 -5.530318864381599 9.46425144989626
-0.1797928454652986 9.736730729622888 5.497084610609498 -7.396264018197288 -1.310899845237989 7.588422666038035 5.070775966651857 6.119331092312937 -0.4223828773439493 5.117669357220279 8.6699707655665 -7.432313840126492 1.0026240791247059 -8.635402580343811
-3.4987859471961684 -9.877350092743821 -0.14551771409033698 -2.7984388410013032 -6.1208730749299605 -0.24330857384394555 -0.8055033770230509 3.7838830808369988 -2.2696452755546126 8.267758551168875 -4.998994614305012 -2.8274374276544485 2.966660973471363 -3.252532985223855
-9.72878931402198 -2.9483629872677515 -0.7653033928936193 -9.963766656336354 -1.261124540871954 -8.84775140509051 -5.011347096690686 0.9692175574703725 6.769468720314222 -7.6379597004816535 0.6803815460498299 -4.72502286769563 -8.780163959529279 -8.327019143368696
-3.852247881422848 9.96876810081714 -2.0519322911345235 7.71903827950257 -6.272985010022573 -6.173944281231893 1.89710685657505 9.864948423343684 -7.824785822301141 6.296733213168075 7.4234808354646304 -2.111693253711982 1.8262738286811704 9.633923388349213
-7.1307092972765185 -8.751372782860233 -2.0529184756244128 9.40008325499883 -2.282667179928099 -6.855694237625578 -3.5985502487214793 1.53223596154489 -2.464435764055035 -6.900145467951853 -8.999693096361494 1.6302738367958742 -4.515893381784322 3.210490582034735
-8.8986821974379 -1.220505626618401 -5.2541805979936935 -3.19766807916589 -2.1229565108029487 -6.039799898282543 2.4716579987255667 -9.872716470610182 -6.942173293532321 -9.142064622967919 -3.539689610107544 2.564991031035678 2.0637654286855174 9.143662966998324
-4.535968269836066 7.041769095287393 -9.051261534332347 9.49157430498975 -7.340121287591785 -2.453408561197314 7.133665252264091 5.711735101430133 -6.133855523675196 -7.681947892407912 -5.249927606929807 3.4985570102444434 1.5103736988303034 -1.4190331913565544
0.4851890943774766 -2.5148781063598857 -4.142763509049234 4.096836233679895 3.4539689827766455 1.602920738279007 -4.0299593448447 -3.650759258935179 9.876288744927045 -3.209500329212096 -0.14811581521914974 -6.345376379486698 2.996379585007606 4.181311192620328
2.483563762261083 4.562283904820475 9.884046743180722 0.42801875188899885 -2.603623334398315 9.12603457108409 6.203208444623847 8.202165945949325 -8.563972160005946 -6.115000093614425 -1.227000056846661 0.467983240528687 -4.115453285716026 -0.8878773541132041
1.5505154131681103 0.12547439231956048 -1.017901205337088 2.2385135161115173 3.558548812320854 -9.977392905598082 7.48902276085397 -8.361244176617099 -4.410295553052677 9.030276426642864 -5.398102688612624 5.856285395122205 5.298739220480682 7.918830101325007
14 14
-9.435246063386174 6.767466510698878 7.922206176438532 -3.5511856975966243 -4.5910657958688965 4.0629228015182015 -7.428942197789072 -3.6266788117372535 -7.294585319275486 -1.7755647013390679 6.085778498518611 7.03118495178089 -0.8231247223501459 0.23661737235049785
2.6131931640541435 7.93984855375864 3.132999657337921 5.528683815018214 0.954892840093656 5.028395963964245 8.456887550517955 0.11141455179399173 3.1291376975542047 9.486256123295846 -6.626119981144254 -7.724047092726305 -0.9244940536044517 2.016632861507766
4.460837221716883 -0.09963011730848415 3.915339475275241 -4.942265848832783 2.246563204314274 0.6123388110716839 5.439628594631262 -5.991156515638223 4.367929215684253 -3.8588738471610284 3.6144527056930364 3.6248825126893394 -0.46780967629484493 4.294862399597378
-4.983288432931536 2.667367707928454 5.570648433951002 -2.5867738599524266 -9.94091265524495 -1.612423452384979 -0.2855518554219252 3.816698857768765 -5.3329731433498555 3.474082524267759 -6.234581127867063 -9.71158201975686 0.3815978142114922 9.665334511597038
1.3672561469051203 2.836954397145819 -6.590828465104542 -6.897392448104709 -5.437207485673903 1.5211099032419426 -2.168893814674422 -0.8903874850283682 -6.321905857780625 5.643801445132093 3.9084758712975383 5.672696232391294 6.839447773983991 0.6294713671445233
9.208464598280312 -7.022271374100864 1.7690155744869323 -9.42336682135549 9.375647529980775 -9.489040952362691 -9.125962737269651 9.953399762969429 3.5871202252460215 -7.914235821653897 -7.341359153560829 -6.296542740286968 5.830216806979902 -1.8450169691304268
6.904955093219563 -6.298934319430922 -2.5991859369932424 -9.083287208819137 9.025382875072456 -6.471472609615743 7.760461976239384 -6.861665569087161 2.8108810846109495 9.743055458760907 4.423305364594016 4.228162489144003 -0.4210153334429094 7.858282970927174
-6.610479599393049 1.7701360710423497 -1.6693210550472948 -5.661704258425944 0.7541231944628723 4.5827314230511735 -8.699505876451452 0.4958624208871285 -1.408808326312771 2.17427353631396 -6.4711350638353675 4.369773172050904 -8.485340999596417 3.4521445143024394
-5.742766682664049 -7.466323299001376 5.252692604320874 -3.4147307535783566 -7.967198990222128 -6.713742836899124 7.752230810487998 2.9981986237132414 -2.871544010598215 -1.5097809511423428 4.741569197441127 3.7618077029265518 -1.460876324054512 4.677142757982667
-1.900574946139491 4.730406157341516 -1.0146181609948446 -3.776932514178844 -7.082291607058078 8.411765983694831 4.497082602087303 -9.294242282946449 -1.0568630807114374 0.2110227023513609 -5.582896055279562 -1.1543788611775554 -7.519748438596119 1.005787672024896
9.957839583565363 -8.409261166101846 5.59294073756374 4.88251852222777 1.7451912652634594 -3.9847998285221298 -2.399977243355984 -9.61587015663782 -7.575200999787524 9.277737515849093 -4.407256224669441 -9.630969429302773 -6.897021365966758 3.3234201387085633
-1.2172001417629197 -2.730555494519857 1.1178224585031025 8.871652863570795 -7.533526093975551 -9.148428676044759 4.895299031500311 8.98869614290226 8.799006115837038 5.52744876783866 9.262679556346058 -2.535154290506833 2.744861027903042 -3.5036864323853916
4.688616820388917 4.553631681026246 1.5059610815564373 -4.439915059914963 -1.3320928285231446 2.323598147178 9.254607276494824 6.797043206178028 -9.883629718470095 4.537936579688097 -0.8627620192838474 -9.172909884200106 3.571648429533365 5.373317950819608
-4.5824525592745635 -2.9129770374863284 -3.344230154892287 -5.950568005153629 -3.4201832852476333 3.5229948250366316 -8.381203846072882 1.4479910135422394 -0.1042114472502913 6.868620098090087 -9.371856645154988 9.260483313118222 1.8147067548438187 -4.268769676117117
14 14
-0.6280915144882488 -0.41987036076614004 -1.5516805777849 -2.2148316957449214 -5.4387798940950365 -5.4654169457843 5.144521651713195 1.912807543318987 4.041078197643408 8.37665906730642 -5.44734195531571 3.332970862904981 -1.895751318319192 2.439666372869052
-3.8309821572879876 -0.6794574839667877 6.214912560252301 8.547219421070523 -1.8825378182303414 9.534498340976711 -1.2671924136748718 -3.547477703398183 -4.900484936538019 7.295164737786401 -3.9054042713303705 0.5982083008686025 1.798901141331763 5.680877613171095
5.115468252097379 -7.164983774566796 -1.3435550651377959 9.750624161426423 -4.981466822460121 0.7067830442134131 -1.6125578906601987 0.32291390572035006 8.305315058197419 0.18064121204901085 -6.814455792420837 9.19287780758195 6.99576961108135 -9.634201300271844
2.817382782736672 -9.041044481903873 -3.4893638874360473 3.04105320582115 -2.6107829754865524 1.5577601225877995 -1.2441956712810036 6.161943766449966 8.925681381873783 4.3852301087343015 3.308596170833715 -7.917307285847741 4.713576453434758 0.6360333868683217
-4.805410596885258 3.1236884897165176 -5.865040513719446 8.971133295619275 6.196504685728904 1.7557720390056257 -5.815352278790382 -6.525492863057991 2.24931550998544 -4.448472307898119 5.425767730990605 4.634221899839355 9.005219317130422 6.9213097561173775
-0.22038513355454015 -1.183885041419991 4.408308912076041 5.872997018679371 2.158597862230213 -4.042074210546547 -9.916111149406067 2.303407093715304 1.6159569748170526 -5.827048643964305 7.553977600163549 1.2785202983956623 9.25599983027655 -2.3111407033365916
3.1311982619061034 9.272687669424055 -3.8286451802840826 -4.458338421632386 -1.8298308981952651 8.490610065115561 8.145267151901642 -8.702655158613375 2.3937523297827887 -7.982250086608545 6.408926694792886 -8.256024400812521 9.51805424451274 0.38905746312928713
-8.180409541715816 3.7168244743672716 9.667637099012929 -1.9873122588132581 -3.944834191608477 1.3618764128339418 3.8837993025268283 8.07048210344253 -9.865257704735189 2.54302995678726 1.9064165535190796 9.770639219795648 7.3243375805513935 1.8508913591024303
-6.947176409169515 3.55815745670043 6.601284178159993 -3.562006483891551 -5.070491140555909 1.7629986063879972 6.462108422937934 5.834035209866446 1.6911797982082888 -9.38495396454612 -4.408510808236043 7.232928226020373 3.938751666707576 9.148352800955667
-6.031666323775999 3.3555322280743134 -2.4983704859223472 -5.673233999749727 -4.270471250371857 -4.432876855864798 0.216571889418395 5.0827383600735825 -6.242085271776752 2.625149884697338 1.3364155344902926 -6.494043750470246 -9.276405214566665 4.438335013548009
8.900147631406938 4.353367932789187 -6.826754921795843 5.483147279400626 2.908900531690861 8.59117347952985 -6.950487896352016 -4.686432056249448 -2.5226559565172346 0.13758463110696084 9.020893700960116 -9.989694753658188 5.464633753965565 -5.942371605813753
4.356502142014257 -1.1739412093595547 -7.689694042563618 7.1869273238749685 6.563890414042607 -3.4941384309805423 -4.451419258317331 -2.466974290675548 9.964286331665587 7.497974625303449 -3.119638490501395 -8.33768090530305 9.298841199660114 9.910084431577538
7.390828098644185 -8.30227688566751 2.300673377337839 7.438697694046805 -6.0767494131189554 -3.5053854372946365 -0.6406220089166936 7.734483121111772 9.463645045611859 9.08967384753829 -7.190747879773232 9.2616306335774 -2.524080376068616 3.470622811036854
2.3319049315021996 -4.126852628858259 4.350545150264546 3.6398658316637 -8.92523662394777 -2.3739689736817553 -2.5251905056003903 -8.106577338686805 -6.8253978656861936 3.0056371831611717 -2.667560699477713 7.304056737253418 5.138425194268754 2.9244022511953887
14 14
9.079031862382337 3.870443644618309 6.962112559931381 2.1744267303285696 -3.0776777608654804 -1.118759883567055 9.55078076315695 9.276961644229281 1.6135859247854931 3.5408705325000014 8.621501754648879 4.3347864139458245 -8.091660005068352 -5.461998674255177
-7.376693472216036 7.735678142104437 4.663563729814843 2.3776536344515478 -6.321404726586604 6.48138504773123 7.606941243465901 8.103962868189704 -5.128072996300659 -5.647428758976087 7.852213172876322 5.061511392722725 -9.198900185133223 -8.254173904893385
-2.2555230696896906 7.918707424242154 9.881288195848942 -5.883967276088842 -4.386640554044421 4.617783514863751 -9.13342843074181 -1.0123913092613375 -3.8586601379076058 -7.428727179590677 -2.726959286272022 -8.09145190687259 4.584647337028526 9.71992397524523
-0.9996875507349401 0.21331026897365746 -4.728215638843409 -5.561007627473781 -1.0875386356582712 8.730912470864038 7.149663072410743 6.180570934814181 -9.144313277290067 -4.416138698327721 8.170981762754828 -4.41998313398533 -6.954314775826633 -8.997038923375024
-4.224649497155584 -3.5031618848919006 -9.204385410231712 6.856134676743025 2.2060962668469486 -5.424046569869539 -6.245458348569071 1.995556015956474 -1.8105452037809826 4.210807831018608 2.770754907639004 9.711965161034726 7.582713383564958 7.2647881156759055
-3.166238823247438 -1.5377214690672822 -7.9398181471765135 -1.728712788120422 2.0006064192880224 -0.8139260785639983 5.356631823457896 -0.22568217173075666 -9.027309463526986 6.617649055718708 -4.298985023327775 5.358611444272372 6.0386376792698435 8.002253120730337
-6.071826735891053 -2.211235409157746 -8.667899438125119 2.3841516588080367 -5.512944012842431 2.5361066187746744 5.362914107689685 -4.4833322815159615 -6.933243700365253 -0.5075164065799989 -6.2466032928627 -0.6639955975902101 -4.351045307077421 8.292801132750917
-2.547125267975529 9.731683168597115 -8.961261297595946 8.75640659066907 -4.02198006099807 -2.739507439520761 9.446500518306784 -0.4728519110811398 0.7129534176848811 5.969431669060231 -4.886406870684505 -0.48597931865172583 -5.6886702287247175 8.95219865804599
2.3703323514467574 -0.637664781665876 5.326644164505298 4.394988492442788 3.7424598092098744 8.060084215737056 -0.33072725113031787 5.589501224048032 -5.833175546289599 -9.601038412483708 -5.6385636538406825 -9.103288625396107 5.235408175214783 5.078793448629311
0.8499675077652036 9.731039597093215 -1.0033826764525973 9.936975996473475 -3.1883464204568472 4.138014352833334 8.800581191432052 -2.9697201046429855 -1.4702518912021212 7.440321050240527 -2.628899812959233 7.558649944233899 9.070147321618641 -7.9778530623914
-7.095593458427418 -4.9532097720446995 -4.233557981820486 -3.6819937485517684 0.8914454924424149 0.29223296445826463 9.38268690211747 1.7603286619158336 5.924034645894757 6.760256523886593 3.2284682865764793 -1.308355144806665 -1.672454629688417 7.869579457446779
0.6785601027103745 3.310800884403198 3.917543068756901 -8.697266496925085 2.9305637542420655 5.09247842818028 -7.072744547571254 -2.5988206433871746 8.809642045297483 4.0829065997470675 -3.156968880345179 -6.452839007985148 -4.764339688471977 5.666054385364987
-2.36347033357462 5.1000166505462925 1.7647045492056908 -1.5460867396594793 7.89384445604442 -3.059756551168058 2.078657844000414 -5.767480949882198 6.096317468355373 -5.081978088384123 -7.760752287515276 8.834059092778752 6.365384404494289 0.8843729642167801
-1.3895698046319556 8.148766186641822 6.9417491309289545 -3.1101385491686635 9.951066038161581 2.339560250864821 0.9872771363254742 6.785388368183337 7.696902486298441 -1.400361382118323 2.771752175943888 9.254781472841088 -3.8287274460653027 -2.0663794421453012
14 14
2.6821130260897554 -1.3647572155472414 3.066086732182473 2.0417291176916343 -7.046204975791692 -6.94472270605186 8.247131240750655 7.981202762110769 9.361070343740074 0.4912967165789066 -4.881045247034708 5.199823253636913 -3.0697516565249554 -2.8990901870882695
8.648491879652124 5.542764825408213 4.337868905055274 6.917759579971964 -6.3544788424771 5.209138777311033 9.994273516581455 2.130437406942587 -9.495449304963543 6.427002874798781 -2.978423056046262 -0.9219927615603822 8.74158159574435 -9.929694666629832
4.1784569998549905 -5.915889418723337 -8.213160570139959 4.985387919188728 8.18334937123381 5.180822115311138 -0.12561793296061197 2.307824666606278 7.419681909747549 1.9250755056960482 -0.4040309552182393 -7.889008466176131 1.2087227596154548 -9.450096614718193
-5.426621198076445 9.776185972945495 5.792959638436891 -7.863819754698929 8.287725663347725 -0.5233618781749243 8.610089131399267 -5.239182614319957 -6.668088171411646 0.5345962445306096 9.802540413513945 -4.4822395626960425 -3.010395920283133 -9.156707356913792
2.218429282053794 -0.17451446932349235 8.333374869361922 -6.168687837402171 -8.290561800970968 -9.05090167818728 -4.205448991739484 -6.607309678375253 -6.212781610633709 1.0563943951218704 -9.832412765560399 3.8135492415545045 -1.7916880505612927 4.206438944752209
1.567083409236318 8.206217958261565 6.089464517863405 -6.580265317893188 -9.204113898190604 7.445295354463802 6.672594283268015 9.204803749695504 -7.864129373534472 -5.911406141313565 -2.0723281077158306 5.630737902089118 -2.361715090540577 7.497576095399385
-0.1990205233378859 -6.228874532014384 2.53645289328486 5.964030363675823 7.456178135759718 -6.163586893437179 -7.20814622074212 -8.83656621904185 -8.352904663266319 6.879994485169149 -0.8680884412304817 -6.3529642339347525 8.365669444086038 3.1184398219818767
1.8830859996143232 6.455016778167959 -8.182464366512272 2.319038880535482 -9.960400244107346 6.366004075984783 -3.3752578823257267 -6.501905878326555 4.757506985709714 2.529827831420967 0.43252171361437775 -2.321848868818419 -1.1747628614398629 -5.213214680698346
-7.11778210599612 0.7959488810966437 5.429227670373489 7.016805013877818 4.881318908159667 -5.6511798692668025 -5.341722072402273 -4.28273032987696 -6.850422017633047 8.67592330715635 -3.8396059915897096 -9.905544390696425 7.065447435139312 -7.824990665331539
5.600966745666016 -2.4042223544980557 7.000966256388036 -7.351714810487433 -5.342665498939844 0.8818510224679894 8.678053823737166 7.267506334861821 5.586683934577156 -8.973630881246212 -9.306102355029344 0.2699278386749455 4.076723679854464 1.8692546955040257
6.891742421995005 9.875048769438763 -8.208329125595714 3.9539706610880643 5.944258391443638 2.934238601013803 -6.708317766071172 -8.818912561240317 -0.751308863650566 2.1670340662018575 4.649919719559872 6.743360248788829 -9.552916097598567 -2.2415826706535373
-8.914393715161362 7.486524825893412 -5.472547213058512 1.88650830165896 1.3666013832299324 -3.546725381233986 4.683673721580277 -9.602533937578011 6.610878436214335 2.4159208714834595 0.401913456190508 -8.108606964596813 -8.696340456889896 4.348277582977518
2.348570497196844 -3.0863098647597376 0.3121779056253473 1.651225436157782 5.54859112499657 -8.120105970662516 -8.322319149480482 5.075811820195659 8.464707302953627 -4.375793515981005 -8.132421264543463 -3.9136833566421236 0.6896113646458915 -9.920094945570423
8.928263779114289 -7.857835628608514 -1.7176735295329166 -1.9732813230689459 3.2055627108212814 5.353732244637207 4.888241501112185 9.131194468355485 3.62985831619066 8.317370726761155 -0.9610022217238718 -3.4049783602099186 5.0314025336772445 8.92446455932695
14 14
3.7317984989432524 2.164086078202793 -8.224443385246666 -1.0022523801646983 8.658096655521675 5.6559246372234195 6.299978984499994 -2.1589081448265057 7.220477220436749 -1.58213491022817 6.779675607633749 2.793628915969329 1.6731981814695622 -0.6503541000394186
-1.5443331513996483 -1.518204114244167 6.6660959436958045 -4.348565540850995 2.8844047634857457 7.991815682027969 3.900469348540266 -7.067473016307164 3.068548554635541 4.968368170824659 6.1712731419912 -0.09138278404234512 8.992119457269517 -2.5871552980706314
3.565754257445871 1.91814398098224 8.903657556383543 -9.089778628207835 -6.064744670347135 5.269684631583356 -8.630023365719563 0.5334154692135229 0.23154749044523726 4.771093458823536 -6.275012152377865 7.126767906452056 5.368743093150208 1.348100157625641
2.280665444067118 -1.6151877027348398 5.437427571386452 6.215789798426858 -0.9415432293337851 0.8663074719842268 1.6482299251875627 -4.288117070439112 6.400334851973152 -6.351341042379324 -5.260445672985141 3.662960541705889 -7.646714110412063 -4.445275029388314
-4.580003126742323 -6.053224703605309 8.968740315282464 0.700634354341128 3.7605778091834114 5.162034776625003 -6.175618177427726 0.4554966945386596 -4.240208571623554 7.518172696385729 3.265855645285935 -6.800098481801198 1.490082678535419 -8.279876248081727
-2.2967068775242305 7.831564848322635 7.973125866444143 3.0790490589250634 -8.648905031049893 2.1005874653953676 -6.9724402685900255 -8.413116191401693 -1.5037992072411015 5.818769168040141 -2.6502263605020726 -6.885587158535125 -5.436614856016931 -4.477125690848545
-5.950049617105517 5.400069312479655 1.6327567193625825 -9.94061783291136 0.6404753844033699 4.974779505509588 6.770787022536691 7.279095069556096 1.1103994043948653 1.2177341289457857 -3.506080496779507 7.1248767842604614 7.671154114082206 -3.1094350028816953
4.3606956709709 5.8401834701782835 3.3340715465099535 -8.082636253039443 5.408453443591984 3.9766582884734234 5.524673267474675 -1.4369343509743615 -7.2074329266669945 3.850094826036818 -3.1731063637073786 -0.26974499908664384 -1.7623207491124582 -1.0364195263426126
-8.382440586805675 2.0691141572541287 2.967795609466057 -9.049147245125823 7.578706432478771 -5.978690252956427 -4.6469243082146505 -5.698091363546731 8.026513851802054 -6.040855129885312 8.96369261024308 -2.8366452080209648 8.5009459198901 0.03799825769783105
-0.19217847144678757 -0.8079868760476909 -3.2934637006818352 3.6108240257596087 1.7537200305661642 -4.728704475714423 -7.826535023369409 0.7703589899433041 -2.37611388125214 5.882108724611715 3.5560019344638327 -8.104476311357088 7.405164878557219 -3.926114687525759
-8.43434515764969 -6.530622648438451 8.227411487102145 -8.987303731109463 -4.399465312823181 -0.14914899312358898 -0.8116406460760572 3.6612457595128802 -6.7334685565884245 -7.104505677661872 0.17667463941970674 -6.674022540795088 5.784902056449315 -1.7819097819557186
0.4578505322383446 -0.2231688884521752 1.087018890683904 -3.3452908621610327 5.217821810170978 -5.617540946687489 -9.164405870516802 4.005840902605183 -0.08288211110312638 -5.122384992145792 -9.53210600890861 9.579185854081494 -5.1532458485058825 -8.886927345507567
9.413346573444226 -3.6052690192326375 -4.206649807671332 4.026623029760653 -7.9388046731199635 -7.341498977317964 4.582124010859953 -3.268481363868718 1.6936779855244666 8.129760782822068 6.546883173954768 -6.011084110695077 6.3434359566209295 -3.504062720263004
7.379829368809297 -4.86054733719085 -5.983979718839755 -3.729550607383974 -6.813920431529068 7.422484334776119 -5.7028675177432735 0.3029440372975145 -8.622527446169899 0.5586969531639987 -4.6771042781668815 1.5573359568849021 8.649953356644271 -4.247374893751365
14 14
5.37165838919336 7.369317234796242 0.7369598899870553 2.3842839696554226 -5.977301725070556 1.279551120055249 -9.411962541899111 -8.396298703787794 3.619296534858748 -2.4191526394005836 9.380320066778491 6.133751460484387 -4.001275020956829 5.333298994122886
4.045696603543432 5.140182361552149 -4.281422021579422 7.794864529212205 -5.389338470815257 9.823453754652189 9.95999973445803 2.729976297352108 -3.5281007014195147 9.692686655328156 3.4712388155276557 6.974697837047405 -0.022368211447854947 -2.7774875220838897
-5.676581296351035 5.936784544704217 -4.239960775705209 4.996736246505062 -6.2255551215989735 4.211405360294782 -5.12493987246952 -7.25889925114533 2.2505131852395905 4.120767896743644 -7.403654933226367 -8.32423598147425 -0.01405960532030548 -4.7474331108511585
8.206790433688187 -8.15519396880574 -1.40232285012803 4.375564591435332 7.987942529389532 5.577385027854977 3.8606171026934444 9.076163414511885 -4.061009104550523 4.7470705713457395 9.422018848546951 -0.3140105556945514 0.8261840290084663 3.310195481646632
8.087525812016679 -1.863218971949184 -0.8584510271266694 -9.911882227657058 1.8260892993345674 6.131031988419526 5.591614186381564 -0.20735873502592206 6.80887408652681 7.461967315649737 1.3016372599823072 9.625926603810314 6.403763139439299 -6.759745474296784
3.551672741109824 -5.682688556297622 -5.765262237433719 9.896546491580036 -4.640826467636461 3.5234903961145143 6.364653228123206 3.1385912675773717 -7.323423895182197 -6.052469883311318 5.3055537333266045 -4.468506697467118 8.395753874104837 -1.6424358111299284
8.893121071210032 1.1681604725345718 -6.394891427612938 -6.793951885684157 7.6385280843856584 1.4951302303407523 7.821833988866459 8.59054549445522 3.038889463407461 -8.717104344860536 -3.9715846536700035 3.940589509322054 9.41506013106315 -2.385832786969308
9.084440159272681 -9.019948561042295 3.46201299529473 2.534834560535323 -5.786303613207342 2.7871104612049997 -4.868402092135997 4.277121083930469 -6.1740857636510205 -1.5028393713459955 3.16036338078138 -0.3650038059905665 -2.6722299058945964 8.02351803195059
9.935498568317406 -4.223518377363504 -2.764735033392107 8.637839638334608 -8.594623937430196 -0.32895950470945934 -9.636269245957012 -3.5008164133480246 -9.888782699926114 -8.08876251353805 -7.992076104846422 -2.2831578100298655 3.756989493739244 -0.011524140154929086
8.25227058627651 3.8411213671891513 -3.465947395716009 7.3896319815817755 -2.8395510000240147 -0.19848553754354192 0.18790179682902775 -4.666030230262437 2.8541109786620495 -1.873341376771151 -4.967929952361918 -6.539988585170398 -6.976107020802569 -4.233875944810446
2.661862937510083 5.147844478161563 -0.6999524057605591 3.510049556902592 1.1108892968640998 5.415614196514939 8.385540047200045 6.195977296571137 -0.00729949396074403 -2.733818350851216 -4.05443081121531 8.737315139091642 3.1432091233350405 -1.911350626606609
-7.637177834660989 -0.5735484209582395 -2.513291266733515 3.5503761650276857 2.767615929901485 -7.6456600361566345 -6.270004878939066 0.19462076377032744 6.262258672927793 -3.1028684471195778 -8.64678829451593 -1.9685226095997415 -5.020076989838655 2.476873555529881
0.8330265351617978 -2.4421489998184764 2.2991127980021844 -6.034863524431035 2.116484430510809 -6.9404212447090075 5.415683124722365 -3.329684140775404 -6.867997175993816 -1.1986015118450837 4.081456755528148 2.294772998226202 -5.895359866835874 -9.33857957567765
7.172973993415205 8.416105535164174 4.889427176677819 7.4590950194265915 -3.941038472670062 -2.892983460624121 -7.565741682280109 -0.21476256303217767 -3.8901660339803446 -4.736732081981994 8.789889626833961 6.8703324727125406 -4.602167706387254 -6.113480782377083
14 14
-7.614215431639392 5.596037485292495 7.645659419247469 -5.11776125470343 -9.163483929335927 -8.13230333150899 -3.0292224572538835 1.2450915148426027 -6.635172641340549 7.83697531470672 4.586950092799958 3.0089813818649915 -5.564157695538745 7.373747643658074
5.659768912887843 0.7295496744710626 -2.341439928524678 7.636093094109665 8.894941541168055 -4.156482569324796 4.643368630532624 -7.570856123217478 -7.207898803765018 5.060956102682212 -9.075632955684949 3.4292896410440292 -5.837197007653845 -8.16023393586072
9.013566398696394 -3.1560435127626896 9.17880265380505 -3.3047552768439044 -6.952399735161943 -4.146684084437952 -4.683581938255871 1.23957807354377 -5.7365118516056395 0.08582090372363638 4.279740788195028 -4.9299788480683855 4.089675023928489 -6.907198653993991
4.663785982547111 6.276449667509603 -1.8302280786285063 -4.615481596711231 4.487957486090732 9.336576720814175 -6.986965253691353 7.867144576698358 -6.374013389925155 8.423104849525533 -6.770861418571624 -2.568799419998509 4.178546922125346 1.0979064816372066
5.8315987043239215 -4.9253168213072 3.4823342873210947 -0.16316318370184213 -9.059200326635196 5.422725661762941 -8.083384801365735 2.5714658603824407 -2.923110154281268 9.050784662198666 -4.230782741194834 -2.903606358091877 1.1379147231984188 9.629625016896611
-4.063035131346425 -2.5301089831082724 -2.070579854011106 4.625586190026958 -9.028467135211734 -5.6216783494741325 -4.608685366830412 7.303994834832395 -3.9411676070475865 -1.0452711036099416 4.2491187039193345 6.7502906025344664 6.985445624416265 5.259704229800967
3.1552341101224677 3.568476578515673 0.8335508972572274 9.417472755991337 5.155434040934958 -6.400683204741946 -0.39781703060675966 0.00316939745235878 2.8207668850191254 -1.5472805028603176 3.3270775098551972 -4.721186220405951 -0.4487872278427467 -9.280076678555194
-6.785929488878802 9.042890976215755 6.189936521329994 -6.664560839434177 5.542660498568093 -1.8196097092758823 -0.4469790949678405 1.793585797608504 -6.788303555448345 2.0726661674196407 0.7295402727562319 -8.422777299811358 -9.850208743211073 -8.472300503783384
-0.6450281919242435 9.389689658306509 -3.6436057660456544 7.181809492627696 -5.079125224505024 3.666487765511537 -8.151236552843121 -4.084496166518017 -3.7086733893940194 6.799537534889414 -8.154740378259085 -1.3376353735376707 -9.451359163712903 7.321710139808371
7.482939523236226 -7.383404245418372 -9.862647196231292 7.7078194336985 6.984341587493084 -0.49036209774571304 1.1125874234232107 8.27600234157643 4.418140560090071 6.858294826643061 -9.597273016150037 4.900059113820658 7.2453910824379335 9.553060368697611
1.5317800140617628 -4.506910263970559 2.603717392891019 -1.9737871420890194 3.4567661038686897 7.408245920074005 -8.965392805761791 9.348616164831224 -0.9379111755768488 -5.660482397077091 -1.8875832368171999 -4.880624882151716 0.8517335508992492 -1.4105967772339962
2.044884363084133 -6.13709656401654 6.552002721464461 5.327457799821996 -8.244083660394699 3.579306105809115 0.692785258002008 2.510349128341687 -8.566722429474359 8.575588036878273 -0.8345658688668518 -2.8329172201561814 -4.659515043591069 -7.701061766092705
0.6065785211398982 -0.044825420320693254 7.662357263912622 -0.8069697027453255 -0.7121711729638136 4.52048489638152 3.960719359898457 -0.4761898648755185 2.8551692519307323 6.968226930376407 -7.887719152959964 6.586503981046906 8.611912656597937 -3.3150017526374516
-9.052376461022453 8.749789536525792 7.6005283591670185 -0.3858823201534367 8.4329116003085 2.113820993533688 3.2171550001530687 -8.227292140908368 -3.8568469083774204 -4.791023134788174 5.747813335715152 7.379261446005177 -2.15882025467047 -5.602459670057527
