9 9
-8.719690168595552 -9.749341955837876 3.4798925801975518 0.31244037994127893 -6.108335107148529 7.196758650573692 4.282686670884331 9.521955715318057 2.397994463414669
9.141495624385179 -5.782704693103364 -5.902470347342219 -4.065572664424928 -1.157834132871674 3.7087080075606984 -9.894273203368805 -0.6945297371551789 3.667048054316007
-1.4986179909421882 -7.132051169350511 -0.5875482852446918 7.118836643405956 2.4122047251322414 -1.4262633780923757 -4.9120606111830085 -9.115292705805238 -4.602050970427253
6.913234284832171 -4.43237753339484 8.103033788259296 9.337921957125864 8.96919046955653 -7.4111481249391264 0.7389069858924291 6.926014481225771 8.145602549656225
9.351697056137581 -8.679403914245984 -5.527944952767665 -7.02526800854784 0.14771176067544545 -1.5706829562687332 3.0682435981194995 5.822221838117947 -7.625089809529841
2.9304368857341565 -5.27969985839051 0.17134370810787658 1.4593546114988776 -2.9086471227319795 2.3628546438948668 7.4367134679230915 -6.618421488140891 8.455898844803254
6.3512426542996785 -2.7738656957980723 -6.120322800255977 -9.894547086279765 -6.937567455768248 4.171601013584251 5.023134988667239 -2.965788224058807 -1.8630184848039057
-2.613139468996417 -0.8205503011808997 -0.3425800606681264 5.829637557120407 7.230907152151605 -1.1121912351345564 3.2224661153839858 3.3013408952676837 -4.431595969582352
9.54440746541865 3.6272186582482853 -6.871883267683789 2.206940450863126 0.7340920379345306 0.6541450585126913 3.010475091117552 -5.797648561018278 -5.286404353774863
9 9
-4.89660482807718 -3.6058538678937264 -2.072104940310238 8.398026597650137 -1.8357902846787333 -4.9941003311345185 8.79101275901591 7.290787658226922 5.018740177639234
4.863877946310032 -4.085382392780687 7.351163162555995 -2.5874940792341476 -1.8771209783443688 2.987000139815601 -3.6602118411881213 0.25135209049006235 5.191713180455743
1.374856174980085 -1.1656223878072005 6.276996641844942 9.399383735840175 -0.2276817671318696 -4.0514556252475264 2.217626937521942 -1.3587837660900668 1.5742253989757096
7.278114399951853 9.099014966977354 2.2076313500087235 7.5563292991475315 4.579724856543994 5.82976126824072 -9.15583832104559 -2.711168339517127 2.131748602425489
-3.0178993735284347 -3.0130463414233937 5.726143535201258 8.557338640101872 2.366615780868319 -0.580614491323864 0.7169441622577555 -1.3378665436947852 -1.2488390018557993
-4.469181742411061 7.691512435726061 -3.6622724798339874 -7.9540698250447335 -6.157567063858451 -0.9451417589623006 -4.124878054813612 -4.258079327395691 9.64312726982629
8.407902015532805 -7.40026958700428 8.540106181552321 6.298602320192558 -6.80163757218557 4.436901509795701 2.947167178622337 -6.9934034599614 -1.0134417501992345
-9.396096917421676 -4.544957842318674 1.473338033297555 -6.892687371525259 3.924958422561149 -3.7156357331752377 -2.4929072255381453 -7.561819096408264 -4.605981530237111
-6.45468340804741 2.0146173067364703 -6.334673476798027 8.158382530238587 -8.796986924639123 -5.838193840095136 0.30788580293223333 2.31242869257202 -4.219288287442849
9 9
-0.05794043756942635 -5.558418251535966 -1.680619087624585 6.0573033036654635 -2.1731857338916027 4.29578811572576 -3.0163251487246745 -5.071958155086149 2.4419857697312715
4.575267942135907 -2.8594955155271418 -8.529642443643372 -4.472907996390447 -4.7568271901678365 8.734695483352045 1.53793904461752 -7.894369779543107 9.7277042352686
7.03207693994603 4.608014845670446 -2.0579755201035344 -7.887067645807289 0.9376198175436379 -9.294372809182248 -5.277381116238578 -9.855692901693818 -0.8969161862704773
8.753384893570843 -3.859965862020898 4.899167540841237 -5.348383508109067 -1.0310211150312565 -1.2541817318092647 -7.29769142370952 4.74963883254938 9.911858589560797
8.561288796336513 3.708605070381413 4.827860764570861 6.222932176683649 5.269964483119164 -6.558770210778928 -3.4201444881309158 -1.2224106217969837 -9.428227657609128
3.8359245759520917 7.414686837216692 -3.539711168389415 8.900037811449401 -0.6725504605248727 3.340685216806458 -8.647227953386459 2.7782569378188704 0.9665317486134928
-2.0146257754978354 4.695209125239819 -8.26079409691549 6.709407378218014 1.3577975914975013 -5.715412359484744 -6.096706108153878 -1.7186306616279872 -4.738732866162003
-0.6254140036376086 -9.206450492510985 8.755011757199519 -2.1384247192611827 9.891571618123127 -0.6952921903215152 5.603930609703253 4.161229273947722 -9.840222511166278
-5.315425611969376 9.265802756287108 -6.769545536219967 7.596926184309268 -2.15648860333443 -5.003653973722145 9.793045825260485 1.0776798107020724 2.735679723288362
9 9
5.900764342491897 -3.843263286042802 6.063651885063113 1.0255990479438175 4.869818870375939 4.613694491255272 -6.171609799911222 7.814011511245468 -4.472163148815682
0.6374374911215082 -1.7062281504235148 3.6270898907087172 -9.332077781629138 -4.2056857549797355 -8.898032617794822 -2.1952469885717862 5.224813479023316 -3.6942006981952407
0.971134643222209 4.674819404653531 -7.065985990463435 9.487241309949667 5.8594876034971115 -9.442573168025241 3.1327488516256725 7.160910520535552 -2.318186002974169
-0.01700249058172787 -9.16807708980915 -6.901555951539913 -0.7575489620312794 -7.2998563083945385 -1.4505491783951712 -4.037735692426954 6.861085533971963 2.855443855898283
-1.5973710040815536 5.497303352065753 8.954113171197442 5.435125389412498 8.515654787592226 3.8424000601387736 8.741733446437856 -8.262612446559245 -3.205019175510042
2.95749483006613 -9.22671939783545 7.2846044679616675 2.151951795332094 -9.943441594002358 -2.741542265909813 5.307939349746519 7.896771324086735 -0.3860254500702265
0.7069019318120322 6.628056927264943 3.9517142373725953 0.22791487808571986 6.199220065705568 6.183654837931158 -3.5435020756014097 4.404482764888357 5.969535824301083
-4.35769263715986 6.689163229211196 4.9252032019843135 -3.181378328014503 1.6064776035601458 -4.984210018484463 -9.107529417277878 9.42384202549449 0.3407202233277431
-9.746391209165772 -6.37457804357661 9.292106588223902 6.208619352691279 -9.659617557943045 7.996113221501663 1.7609463911546985 -5.851585495048859 -1.6202097280684953
9 9
8.942189396504034 4.007820813894371 4.10042708013092 7.6691214159602445 -5.670310872438675 6.9641409572350845 -4.605389279082612 9.269756118802512 -7.158057243540005
4.465629089840936 0.43849071608203616 -2.446749185165875 -7.113973065982828 2.396257579531749 5.696352620884879 -7.703633418262932 3.442652817237297 4.010201402871136
9.326274536865768 -4.009161016422893 1.5733991724740584 -3.593206327586258 7.093931731690574 -2.4212460223347776 6.654931021214566 3.8106932870113575 4.251165520183882
0.6791643669098502 -1.8146597607526687 4.046284382029965 -8.24518689774062 -6.762945034591816 9.797216790095746 -3.104816765974652 -4.749401328625069 -3.198038843189761
6.160290882392395 -7.763881806432547 -8.506146895832046 3.6387961096293644 7.805022792240877 2.6814649202325356 -6.0668002033529405 -3.9865204516764985 9.9491287654754
-5.503606274693677 -2.933362488853133 -5.10132012053827 -1.9032730073317623 0.047974893474458824 -1.7323252079692217 -6.089415596521439 -6.474672909065038 1.18278908885895
7.969144655675937 6.711644647568818 3.892067100122386 -4.38271101984987 6.880401621061132 -5.3798886283092 -8.651318425423689 -9.816925694052056 -1.5959632839538216
-3.747675122453071 1.590332955537054 -8.911540652412173 -4.631965351464462 -6.133516441207156 -8.052275827629957 2.6298386882105476 8.851741300592263 7.6385306250727645
5.4270414947751195 -6.270519273160771 8.815354115795241 7.004419512615129 0.7400391612223025 -6.628394616421245 -4.4316704700648035 -1.4362223791682531 4.92860316898488
9 9
-1.8947983732739395 8.0486967147413 -4.104139490299177 5.991331599860011 -6.858025535972634 -3.536614057042189 6.713911090802654 -0.2825626770310805 -3.3778774649585808
-8.6625213167977 -6.827848779860011 -4.535026856793872 7.5805381368234634 4.805474758134146 5.006354125371573 4.396645114180748 9.438080007858286 2.439920107023257
2.3565681953215023 -4.036561217927439 -1.6195042655848368 6.73458974231394 -9.072673128888006 9.12453073279184 -8.925817730928731 3.113900070536406 0.9955192354536297
9.176731525513691 -9.218692792225179 -2.572199717007388 -8.235106980720728 -6.459887172249152 -3.064375998917117 -4.776118288479781 -7.024274303958917 -8.820321131955824
3.649125302388189 3.8432965260543117 8.905502020599762 -1.3919687884985805 6.264439368318339 4.7239350575319285 -1.7955495696011496 0.4390576295547639 8.395890655954549
3.3016744416089203 5.139930809941294 0.9994650801860061 2.714971314410249 -8.341571821937022 9.74888323186406 -3.4647700844793956 -1.9729538979377725 2.161974474587712
0.3761637006401308 2.125875444789161 0.1410332390012421 -8.29618298639688 -6.668998068621903 4.380355766279109 9.59371946032062 -9.098585759261947 8.975671190627182
-1.2535014256352177 7.503890307385227 4.703588366064423 5.258027299633737 -6.172211506776293 -2.3964338709932154 8.571575026437227 5.278727395562729 7.686402917222402
-7.962508656336484 -4.2275907860986734 -5.8327929055212735 -9.071925981420705 7.468379409633609 -6.038246157335976 -7.543024037719121 5.512465549816465 7.298656891758782
9 9
-3.8575882126371175 -1.1417347169048497 -9.138230564906813 -1.6321204213267304 -5.037913384437662 -7.7600424133492325 -1.0051369869337652 8.072886924650735 8.268257864376842
2.704198692692227 -5.4479528682575 4.344313260451804 -4.3123402958191 0.8370923015891201 -6.090905842772864 0.731666644383699 -0.9171270149978188 6.281716226728783
9.535329024188982 2.6016723879002353 4.261716160639127 7.7952129369573555 0.2248971729160587 5.7695347435025965 0.5427378635173614 7.857158804567295 -2.3383816411008613
-9.82037304308707 9.923320806799062 6.14932560763927 1.6540978079565214 0.8624911660156016 -6.158639651503677 7.935413051907972 8.926722225976736 3.051666394142373
-5.535900822792494 -6.716259046051021 4.174385484359583 8.851527300441944 -4.4586286723400566 -0.49042671014946926 -6.786686867130822 -6.854401682403497 4.619625238437839
4.0168249580060476 -7.356240111912198 7.12110988147553 8.10529707746959 -8.458294861857718 7.982986663779766 9.002153037546588 -0.8082207032288107 1.919356322707955
0.7833410422247802 1.0409902718842758 8.990928412713806 5.884264944548454 -7.673939604228015 6.540151736085292 -3.630231774952845 8.894835855518973 1.9583360632794857
6.555012276139664 -2.038010980824567 5.220098499392751 -2.341411703913387 -2.767161822553499 5.587886721801905 -5.875324482508915 1.832540393012529 -2.2423550064742637
2.8852872024172385 6.907812561153438 -8.919979507323749 8.993173518656917 -3.7510274721831127 -1.549376309830146 9.143412443290114 -3.217209495590854 -3.7453219068095027
9 9
4.5285358502278825 -7.245925324326721 -8.171161195831896 9.03462690317144 1.7445516493795665 -3.4549412851406114 -2.6083488384398823 -5.310923905976868 8.512452654334528
8.022466789659887 0.5152533523859013 -0.30291127600816203 1.206736796683094 9.092398026496909 0.12441593011814867 -7.614471034692592 -0.8961099265831667 -0.7197230887206008
1.3909985381266416 3.326460545561641 6.221905568580809 -8.984203796962229 3.797992249421947 2.1143379252840138 6.503840039208789 0.8653721372275278 -0.15900048889261242
6.383164288048484 8.516802019310628 8.671246766617351 -2.3486880265480847 -9.434594347377699 4.837154646635939 6.734903902537322 -9.727962947737609 0.9930040688127502
-1.767436809645055 2.3895844248175173 4.573174128577648 -8.458516632732604 6.645353914212436 -3.779367682248383 8.48707114297887 3.7813358735382803 -1.972895164783285
-3.6097159185317373 8.46863186183256 6.229168753275577 5.848015542014142 -2.4421636622472853 -1.3528721879048184 7.708902400058452 -2.3672909624122855 -4.062523739376616
-4.480400279124927 -4.791054076661274 -9.352433076956927 6.655307527936735 4.453197405025142 2.884440094737961 -1.7205917161836162 1.3953602988380265 -5.764878499090511
-2.6701056054651566 0.013590882458281328 2.7213106279489168 -3.120071562524944 -7.873605324642325 7.071372059381726 8.75069682260876 7.351275476362662 -0.7726652139933883
-6.949936273560948 -8.115285229593711 1.2919059952505325 4.646992122477174 2.521291959387531 -0.9657070875804017 -6.928556085037045 0.6659585255775973 -6.8425097118434675
9 9
-0.22362080255067873 -8.155745162510302 6.033100338930126 9.509562259712045 -0.47796386948945724 -9.136624819058731 -5.0455365092767295 -7.068016744620955 -3.000878808617376
6.798758499230821 9.113778550205193 -2.6809647265420766 4.20442862865678 -7.018395745689816 0.23271980209414878 -7.628442408482263 -4.264244153964851 -5.9280621348312295
-5.918701041912302 9.435742478853129 7.029110227409351 -1.4106744259951718 -5.090502426508488 -6.765870078855456 5.143612300641339 -0.08970589157889997 6.372610660935724
5.717392386124862 -1.736110562583761 8.910743408100746 4.183415818131262 -8.469163260593431 -6.578184838505727 4.269948034980819 -5.325727118066739 7.488393192780322
-5.875017206023205 6.480181467440474 -0.8479469770784647 5.577997016121783 8.085029060555783 -5.64276684956228 -4.648071841920009 6.889366316193225 6.832029408038856
-7.149951202915162 3.072466941929637 -1.3537044020285993 6.914021584649468 9.393749022652887 8.738968467523879 -7.4116793185922125 3.6743839910105507 8.600097752676934
2.410796428915692 9.662810003201084 9.71954611632222 -1.4983861208044615 -4.31715240316975 -5.669831617894101 7.594871830319757 -7.43395265671105 -0.6130974768399771
4.083737290741869 6.025536739242625 -3.28155422047149 4.386936383847138 -0.9993252116417057 -4.135909894866212 7.361346784939656 6.534818985066849 8.534696695013608
-3.8548796552711684 4.86937389653205 6.138679064317028 -8.391052126937208 -0.3128438461086773 -2.0537304563674823 8.067023472223934 3.4729841496564653 -1.1729861133928203
9 9
9.183175593923067 -9.393394730347598 -6.742970875528926 -2.197406909870587 -6.744913964697861 -6.636664737050035 3.3127076042899546 1.2811642449769778 8.670601913729122
-4.147272584622899 5.847034612943014 -0.6865681374529853 8.709366408821971 -4.673201002092087 -6.918973528918146 3.399485345559059 -2.554785563471034 -5.0857529638289645
-3.973047508224954 -3.540357011225592 5.475944287851442 8.391265405990481 8.293137971606132 2.653587890477823 1.267022430042907 1.7178775509706519 -5.791814249520126
-1.0729951228407781 5.414093145826808 -2.626854204846625 6.758000460649246 -3.2921958179752924 6.8329962894494365 -9.205986655013321 -9.000429298480853 8.222518271006603
-7.034570663800405 -4.584806937031429 9.103498375970585 -0.004147973221687806 -3.7832734557511705 -7.698350651523915 -4.07217133436413 -6.697243696621862 4.7861811223500546
-9.988731017983007 9.003383463958837 5.588427979716977 -5.198295487313862 9.275794641249583 8.457383681181739 -5.99436305748458 -2.690308944752724 3.756434478796871
-9.851687003649836 7.256683284771668 0.47590743725247364 -1.6387231661300063 6.681361623878658 1.2216286525010833 7.32625849208841 -3.6036924921671236 4.080222913423446
2.5196034201008803 -1.1819898901634929 3.950693350973612 2.0422190491270715 8.358888865160758 1.2847274150587964 -8.261388807860413 4.366157196818872 -4.565834798179291
-4.920027173661161 -6.851029082827953 -8.163921519404628 -7.1985045642337875 0.9797113309184713 3.0552733890614654 1.8744189384412806 2.9470443440671907 -1.7633734668596457
