5 5
-4.950455857952976 -9.475319110820088 8.632157113251996 -2.829903775095546 4.3483376492052095
-1.3556653693709464 8.255989220231534 0.5728149046646749 8.604961472617184 -7.864048147830596
0.6048586159239022 2.444637634916793 7.615058296790419 -6.819304125558223 -8.510335046877213
9.746561508050174 6.994070746212216 -6.800383675274171 -6.387632183044691 -6.141999800695874
-9.930913574430196 -2.2271353106520353 4.541804714732049 1.4126677683274185 7.619264817668146
5 5
-9.04222614086505 -2.6510098138269056 5.333436762234431 3.6292097940604595 -5.069200769664701
-0.35216704182863623 2.0963154786201255 -2.0831864793924844 6.497490387917605 -8.905034529650777
0.7028345158786227 3.7195902605851927 1.7577641824341512 1.3618356458031595 9.21318102608383
-2.1053688738343705 9.117773504263514 1.739126586788725 -0.7081525607629953 7.663809012256216
5.102594531012034 0.37401035517110515 -3.967522948040587 4.63571685708375 5.801039989449899
5 5
7.963636748138917 7.311835456737832 -6.098108827940787 5.138911264689645 3.2288656405662657
-9.555705357323358 0.1653787956627255 8.904722775581703 -7.953847869621389 9.11491144533586
4.807716224662306 -9.40699913875654 8.31611391380735 -6.6262073720625985 -5.438834114290425
-6.064778731301641 5.4741320569502285 -6.94346196603494 1.6492470653038982 6.6414139639406535
3.700610100428417 -2.9956688965321003 8.21027921451001 -2.6914709234134353 -1.2005579620628488
5 5
-9.252830035603875 4.628891655436707 -0.27592509671522336 -5.306271119195518 -0.6038981876746874
9.905249946902845 1.7440641712168237 7.973976809222215 -4.455578253446069 -1.1723781958349004
-4.142182841201181 6.240825875017308 2.6930871512240913 4.257828690628978 4.231038411858956
-7.273182689108468 -6.950305403080479 -3.5159376706165286 -9.429042990032032 -1.6856814079712095
-3.9650289804373484 8.477938609025813 5.785113925245092 8.903286809795087 6.1799110933246055
5 5
-1.0107619681640294 -2.4277496254961566 -3.6775724061798565 5.855500958078457 -8.384621400361246
4.112079714330692 -6.310383831992629 7.40143016634925 6.973184485955603 -0.9839912103851667
-3.1278258062319093 5.690848486498529 5.151407389968725 -6.919965806648801 -3.75328599335311
-4.256515675891155 2.980599483029504 6.008083562275036 -8.077133438874798 -9.714163318191225
2.8994212377190127 4.230884529057704 -5.6862787458830315 -0.749448782476577 -6.976991999725019
5 5
-2.4251074402114936 -7.419026223264256 0.5485890279103671 -5.955872188700193 9.14856051273578
-9.264721928962178 5.158286147421553 6.003723621189074 4.846144520103088 -0.343403835489271
7.116667854395793 1.1432117556685135 -5.512291293486453 -7.70556987607808 0.2770114925559497
1.3262743263190035 3.021581404864735 9.645340648413029 0.038446545296466184 -1.7787443596244756
-4.244817652158426 -4.101321980497394 4.746660117754665 8.328081541967801 -4.8344233870657005
5 5
7.867048773810868 5.8662146794757035 9.316253503024093 9.057504322635431 7.073790012416175
-3.8500060475723235 -1.261034202402005 5.216669987086721 8.531705019162498 -9.755890876734137
-3.423588169713085 4.02194750129356 9.574981854262195 2.199691504655082 -5.625607284086886
-3.1095372473620237 -2.9457950980655756 3.5230446081000935 -6.51943764090928 5.6287584184899035
-0.9468156620740071 2.0875748393919586 6.876423980448475 7.052358847948149 -5.307739188468337
5 5
3.620075529207675 7.131752831718266 -0.33169702290905434 3.631943459596105 -1.2199249213643775
-2.503915138483719 -0.14759182216273992 4.31728639770737 7.743317573691741 -9.517159386679058
-4.824769585873692 -7.395300038648087 -2.86201947347537 8.387684173149658 -4.303006579284294
-9.768429396409182 -0.8330142289297608 -0.3938505623196811 0.5075935019494953 -1.5212721683059698
9.044399925978254 -9.678768382805833 9.671429056703897 2.0778188535523725 -9.59418727374938
5 5
-9.575343571941827 -7.901911579367371 -4.827525638472636 8.119565241500524 3.7465807597558705
-9.029276880033237 5.03129992859456 -3.2837651831892227 -0.3539730002123509 -0.5344037574242115
2.58113989895479 -7.70473516012586 7.247393957218076 -5.282457292988676 -6.300670867410756
-6.15380988465512 -2.097536545199077 -1.0539358170588784 -0.7569934978526245 0.014365359746697948
8.610062639453993 1.8437152481458785 8.973389071207539 -9.669304656830672 8.086828521458337
5 5
1.8561648572466627 2.980727006169415 2.161119445893762 8.312713458155145 7.453561429022134
-7.6743225856722415 -7.82238533946334 6.011416648509844 5.252254851195584 6.798435033790579
-0.10386779484118769 -4.2961884684666956 4.117438062531271 -3.1987872072554824 4.575895566833083
4.295628244150251 8.849670024322947 -9.470435153093483 -5.173781978746835 -7.9701240286983825
-0.514025496838217 1.05671587781438 -1.2631212814595578 9.770650005723798 0.22231189978972488
